id,x,y
1,176,252|2,187,279|3,279,305|4,165,306|5,179,336|6,225,365|7,196,421
8,275,282|9,253,309|10,193,337|11,266,395|12,183,422
13,314,97|14,135,135|15,62,176|16,303,257|17,146,296|18,64,338|19,117,378|20,131,459|21,210,541|22,253,580|23,62,621
24,89,92|25,226,132|26,173,215|27,317,337|28,170,375|29,313,497|30,270,576|31,64,621
32,64,172|33,196,372|34,63,456|35,90,535|36,65,617
37,385,178|38,94,215|39,386,296|40,241,377|41,386,457|42,62,499|43,61,580|44,62,620
45,147,99|46,65,138|47,202,217|48,250,295|49,210,334|50,207,376|51,67,417|52,388,497|53,66,496|54,322,576|55,67,618
56,285,136|57,169,179|58,384,257|59,65,257|60,64,300|61,387,455|62,166,496|63,183,537|64,65,619
65,243,132|66,219,211|67,63,335|68,64,619
69,92,134|70,165,213|71,328,294|72,194,335|73,143,373|74,103,455|75,63,535|76,63,619
77,246,94|78,92,174|79,66,217|80,240,299|81,387,459|82,276,538|83,64,617
84,65,60|85,311,136|86,386,258|87,219,336|88,294,419|89,91,456|90,64,618
91,65,100|92,198,382|93,328,461|94,112,577|95,67,621
96,63,140|97,386,299|98,314,418|99,64,461|100,67,619
101,66,99|102,386,178|103,90,260|104,387,375|105,147,419|106,67,462|107,303,537|108,66,617
109,172,382|110,387,461|111,67,502|112,66,621
113,189,102|114,289,179|115,225,256|116,387,418|117,386,499|118,304,578|119,68,618
120,245,178|121,185,300|122,65,339|123,237,416|124,141,458|125,158,580|126,64,620
127,156,138|128,252,210|129,134,252|130,262,334|131,243,415|132,331,540|133,64,619
134,199,102|135,216,183|136,174,261|137,190,342|138,213,383|139,278,461|140,224,578|141,64,617
142,194,106|143,63,228|144,386,346|145,324,384|146,87,425|147,260,580|148,64,619
149,326,140|150,291,339|151,306,501|152,66,619
153,132,100|154,204,140|155,234,218|156,246,300|157,303,460|158,123,536|159,151,579|160,66,619
161,291,99|162,386,179|163,386,218|164,282,261|165,125,340|166,386,458|167,218,500|168,385,580|169,387,621|170,65,617
171,116,215|172,61,336|173,218,416|174,62,498|175,138,578|176,62,619
177,320,136|178,386,216|179,122,258|180,303,375|181,172,493|182,257,573|183,63,618
184,204,293|185,216,455|186,159,497|187,130,579|188,65,617
189,223,100|190,292,176|191,117,300|192,163,538|193,63,618
194,221,340|195,144,418|196,301,582|197,63,625
198,114,143|199,273,181|200,129,225|201,339,341|202,201,379|203,63,619
204,260,183|205,279,340|206,63,381|207,340,543|208,64,582|209,64,622
210,99,134|211,172,215|212,281,294|213,119,336|214,277,414|215,229,495|216,386,578|217,65,618
218,118,96|219,387,217|220,296,421|221,251,540|222,63,620
223,186,137|224,240,414|225,243,496|226,68,619
227,60,141|228,150,337|229,59,458|230,384,581|231,61,618
232,240,100|233,139,143|234,221,185|235,154,340|236,305,539|237,62,620
238,60,220|239,249,377|240,59,615
241,386,180|242,263,384|243,385,502|244,63,619
245,329,98|246,384,178|247,176,297|248,174,340|249,128,379|250,61,502|251,62,540|252,60,620
253,102,255|254,64,455|255,64,620
256,64,297|257,273,417|258,198,580|259,63,621
260,231,256|261,175,336|262,265,536|263,63,614
264,310,175|265,160,338|266,64,619
267,63,180|268,200,301|269,385,418|270,246,460|271,64,619
272,226,175|273,156,335|274,385,494|275,64,537|276,61,618
277,139,98|278,220,218|279,384,373|280,251,532|281,65,616
282,109,221|283,62,265|284,267,382|285,142,422|286,144,498|287,250,577|288,63,617
289,64,619
290,171,181|291,216,302|292,134,425|293,65,620
294,359,149|295,176,149|296,84,188|297,194,264|298,202,306|299,84,347|300,273,546|301,175,585|302,61,622
303,155,96|304,260,178|305,129,216|306,318,380|307,94,502|308,64,619
309,309,93|310,114,134|311,179,217|312,198,337|313,185,457|314,289,575|315,67,619
316,63,96|317,187,177|318,289,260|319,126,336|320,61,418|321,86,538|322,63,620
323,194,142|324,386,219|325,333,257|326,226,298|327,320,338|328,90,379|329,204,501|330,62,618
331,234,102|332,121,177|333,201,259|334,126,340|335,243,418|336,240,460|337,129,540|338,64,620
339,63,61|340,61,140|341,63,183|342,63,377|343,252,499|344,236,539|345,63,620
346,288,96|347,318,137|348,118,258|349,268,339|350,59,380|351,92,420|352,296,498|353,62,598|354,62,621
355,291,102|356,62,102|357,298,259|358,309,337|359,321,416|360,169,457|361,320,538|362,117,576|363,63,617
364,293,100|365,287,177|366,344,298|367,327,336|368,61,456|369,79,495|370,62,618
371,299,178|372,258,298|373,61,341|374,63,504|375,62,541|376,63,623
377,205,174|378,61,215|379,316,335|380,201,374|381,177,417|382,117,457|383,222,536|384,60,617
385,252,97|386,383,220|387,304,259|388,254,297|389,201,340|390,386,456|391,290,498|392,267,578|393,61,620
394,61,96|395,330,175|396,387,338|397,88,377|398,213,459|399,167,537|400,132,578|401,64,621
402,384,101|403,233,220|404,106,262|405,151,420|406,285,498|407,138,580|408,60,619
409,59,98|410,140,216|411,60,339|412,59,456|413,213,573|414,62,618
415,236,98|416,177,137|417,330,221|418,382,297|419,146,341|420,120,378|421,380,459|422,151,499|423,278,582|424,381,618|425,58,619
426,150,98|427,144,174|428,206,294|429,220,376|430,382,456|431,61,455|432,382,536|433,60,618
434,84,59|435,239,134|436,143,178|437,136,297|438,230,420|439,164,503|440,133,577|441,61,618
442,62,99|443,112,138|444,241,260|445,383,495|446,60,620
447,203,338|448,96,421|449,228,579|450,59,619
451,150,63|452,168,180|453,162,260|454,176,340|455,385,418|456,61,418|457,62,540|458,63,619
459,388,94|460,185,217|461,217,298|462,106,338|463,65,419|464,319,497|465,64,541|466,64,620
467,178,98|468,61,139|469,349,257|470,206,295|471,265,376|472,88,501|473,60,619
474,222,140|475,188,179|476,60,299|477,211,379|478,256,497|479,64,621
480,215,137|481,127,220|482,112,257|483,275,339|484,59,419|485,337,498|486,200,577|487,61,620
488,62,206|489,127,253|490,174,290|491,116,368|492,263,529|493,59,572
494,176,180|495,297,260|496,100,341|497,318,419|498,113,460|499,60,620
500,324,138|501,384,218|502,61,256|503,160,338|504,60,621
505,385,458|506,61,542|507,62,619
508,384,176|509,385,254|510,247,336|511,163,455|512,60,620
513,246,140|514,328,218|515,274,297|516,60,621
517,330,256|518,384,576|519,60,620
520,170,101|521,181,139|522,230,263|523,340,338|524,59,378|525,330,538|526,59,621
527,190,259|528,383,380|529,227,540|530,60,619
531,348,138|532,149,177|533,301,256|534,178,299|535,312,376|536,258,579|537,59,621
538,59,65|539,323,259|540,307,380|541,385,459|542,267,500|543,265,542|544,60,622
545,61,62|546,84,106|547,62,177|548,383,257|549,274,337|550,113,418|551,351,539|552,60,621
553,285,177|554,318,256|555,263,337|556,241,419|557,218,537|558,60,619
559,173,139|560,276,177|561,61,180|562,274,297|563,304,339|564,192,379|565,329,462|566,293,539|567,58,623
568,346,173|569,258,252|570,99,417|571,300,579|572,59,620
573,288,101|574,382,224|575,242,261|576,62,381|577,278,501|578,210,580|579,60,619
580,198,104|581,105,180|582,62,300|583,63,458|584,60,616
585,224,338|586,105,417|587,63,619
588,177,178|589,213,216|590,252,336|591,60,380|592,60,420|593,121,538|594,59,621
595,62,338|596,138,460|597,338,577|598,65,620
599,123,60|600,302,137|601,223,218|602,136,296|603,335,378|604,239,417|605,99,461|606,60,618
607,92,135|608,338,256|609,386,332|610,253,371|611,215,416|612,61,540|613,61,581|614,60,620
615,160,138|616,129,215|617,96,298|618,104,376|619,337,454|620,60,617
621,244,178|622,259,298|623,145,341|624,60,460|625,60,495|626,266,579|627,58,622
628,98,177|629,293,339|630,342,418|631,100,417|632,200,498|633,60,621
634,63,176|635,349,296|636,174,336|637,140,415|638,61,457|639,235,575|640,59,617
641,284,99|642,206,140|643,193,256|644,146,299|645,119,380|646,65,535|647,60,618
648,252,141|649,306,179|650,293,304|651,382,340|652,214,381|653,348,461|654,108,500|655,60,618
656,254,181|657,304,261|658,385,339|659,125,382|660,384,463|661,280,502|662,235,543|663,60,623
664,154,257|665,309,376|666,144,498|667,62,538|668,57,615
669,61,221|670,300,428|671,60,623
672,62,294|673,385,452|674,61,617
675,60,337|676,313,455|677,207,578|678,60,617
679,321,98|680,278,216|681,95,456|682,60,615
683,199,177|684,321,337|685,383,453|686,59,619
687,218,184|688,308,304|689,147,384|690,262,465|691,276,540|692,63,618
693,114,95|694,307,174|695,383,254|696,185,337|697,296,417|698,122,461|699,63,502|700,60,619
701,100,223|702,385,421|703,218,464|704,233,542|705,60,619
706,261,101|707,384,176|708,231,218|709,185,299|710,60,619
711,216,176|712,209,257|713,154,460|714,58,619
715,118,137|716,193,215|717,200,457|718,116,576|719,60,619
720,326,138|721,62,216|722,102,297|723,292,456|724,136,496|725,115,536|726,58,617
727,323,102|728,79,144|729,210,258|730,384,340|731,207,380|732,331,458|733,60,622
734,150,95|735,278,216|736,123,300|737,386,457|738,214,539|739,59,619
740,305,138|741,64,259|742,157,378|743,65,421|744,293,574|745,61,617
746,145,142|747,60,218|748,228,296|749,57,383|750,385,500|751,57,622
752,315,137|753,112,179|754,212,258|755,180,298|756,271,378|757,161,418|758,60,620
759,133,94|760,105,175|761,259,255|762,386,374|763,256,455|764,60,621
765,309,143|766,311,263|767,294,300|768,261,342|769,265,421|770,90,503|771,62,540|772,58,620
773,274,138|774,220,219|775,127,419|776,94,538|777,62,621
778,218,101|779,333,418|780,112,459|781,329,579|782,62,619
783,309,136|784,61,183|785,84,343|786,203,461|787,146,499|788,62,579|789,60,619
790,122,182|791,330,259|792,210,298|793,169,341|794,78,380|795,333,538|796,156,580|797,60,622
798,306,94|799,58,136|800,309,214|801,385,333|802,385,373|803,234,454|804,241,494|805,212,538|806,347,617|807,59,615
808,329,185|809,119,225|810,385,307|811,268,345|812,268,383|813,267,425|814,271,543|815,198,579|816,61,620
817,285,102|818,321,140|819,384,219|820,198,299|821,385,377|822,155,422|823,382,538|824,59,621
825,330,102|826,82,144|827,61,222|828,98,306|829,230,382|830,146,421|831,383,500|832,100,542|833,58,621
834,60,66|835,280,184|836,102,222|837,198,301|838,169,343|839,286,463|840,384,544|841,59,618
842,86,98|843,59,221|844,60,260|845,60,341|846,314,460|847,60,497|848,59,620
849,214,139|850,244,219|851,181,260|852,262,337|853,292,380|854,59,461|855,97,503|856,228,541|857,60,623
858,222,98|859,213,298|860,194,457|861,132,501|862,60,622
863,196,96|864,59,134|865,250,216|866,324,296|867,58,332|868,187,417|869,289,536|870,59,617
871,292,100|872,60,138|873,60,258|874,60,297|875,320,380|876,189,418|877,332,498|878,386,578|879,60,617
880,60,178|881,220,298|882,194,499|883,60,620
884,143,95|885,291,172|886,384,254|887,168,295|888,256,496|889,308,576|890,59,617
891,165,102|892,61,143|893,184,221|894,62,261|895,315,340|896,198,380|897,334,501|898,277,580|899,60,619
900,261,140|901,387,255|902,136,294|903,216,412|904,90,455|905,137,534|906,65,575|907,60,617
908,62,136|909,210,218|910,60,298|911,164,420|912,150,500|913,60,620
914,304,177|915,232,218|916,205,258|917,267,418|918,271,459|919,99,578|920,60,619
921,302,105|922,117,184|923,131,223|924,382,344|925,212,504|926,60,621
927,301,179|928,275,301|929,144,380|930,61,538|931,59,620
932,60,139|933,142,338|934,252,497|935,60,619
936,189,104|937,204,261|938,218,301|939,105,422|940,60,620
941,61,183|942,319,300|943,289,381|944,241,421|945,386,501|946,60,622
947,300,174|948,385,257|949,175,294|950,320,374|951,307,413|952,383,458|953,200,536|954,60,617
955,344,146|956,186,184|957,59,225|958,384,302|959,332,339|960,318,380|961,61,381|962,313,461|963,169,502|964,60,543|965,60,621
966,290,100|967,214,141|968,383,180|969,230,181|970,277,218|971,89,258|972,340,339|973,119,379|974,319,500|975,63,500|976,62,618
977,317,100|978,199,139|979,242,180|980,215,261|981,128,380|982,83,460|983,99,540|984,60,621
985,201,102|986,306,220|987,159,300|988,63,339|989,128,416|990,307,497|991,60,617
992,59,177|993,167,259|994,313,378|995,230,419|996,247,500|997,61,618
998,257,139|999,232,181|1000,230,261|1001,132,301|1002,266,380|1003,385,462|1004,304,538|1005,61,621
1006,334,98|1007,62,219|1008,190,376|1009,169,418|1010,189,499|1011,60,618
1012,63,102|1013,63,181|1014,101,223|1015,384,301|1016,306,343|1017,122,380|1018,160,462|1019,384,540|1020,125,579|1021,63,618
1022,136,64|1023,383,224|1024,382,298|1025,283,420|1026,383,498|1027,60,621
1028,303,177|1029,308,295|1030,251,339|1031,314,417|1032,324,458|1033,383,536|1034,219,575|1035,62,618
1036,161,99|1037,174,137|1038,59,178|1039,386,417|1040,172,537|1041,61,619
1042,314,139|1043,119,259|1044,386,338|1045,60,336|1046,236,418|1047,274,499|1048,80,540|1049,61,618
1050,318,140|1051,302,180|1052,254,220|1053,174,260|1054,60,341|1055,120,459|1056,382,539|1057,61,580|1058,59,620
1059,133,102|1060,117,143|1061,212,183|1062,328,221|1063,353,262|1064,62,262|1065,103,305|1066,273,344|1067,169,382|1068,288,419|1069,254,463|1070,62,503|1071,334,580|1072,112,580|1073,241,622|1074,61,622
1075,238,63|1076,86,63|1077,109,138|1078,59,175|1079,234,217|1080,385,299|1081,169,380|1082,136,459|1083,215,579|1084,62,620
1085,248,138|1086,156,179|1087,175,259|1088,323,376|1089,222,414|1090,63,458|1091,65,621
1092,247,140|1093,266,178|1094,172,218|1095,270,339|1096,259,457|1097,61,618
1098,139,97|1099,294,216|1100,266,375|1101,307,457|1102,142,540|1103,66,620
1104,315,217|1105,163,258|1106,232,338|1107,385,415|1108,107,458|1109,59,617
1110,157,179|1111,86,416|1112,64,577|1113,63,621
1114,87,261|1115,64,381|1116,309,498|1117,62,620
1118,60,101|1119,386,215|1120,388,255|1121,292,333|1122,223,413|1123,181,579|1124,65,619
1125,63,104|1126,168,217|1127,315,297|1128,385,338|1129,127,380|1130,209,539|1131,142,576|1132,63,622
1133,60,139|1134,172,217|1135,194,255|1136,160,295|1137,303,335|1138,279,377|1139,185,457|1140,177,498|1141,62,620
1142,186,141|1143,62,258|1144,277,338|1145,385,376|1146,60,376|1147,257,458|1148,292,538|1149,60,620
1150,62,63|1151,269,139|1152,165,180|1153,184,220|1154,100,261|1155,275,340|1156,310,380|1157,196,461|1158,150,501|1159,202,580|1160,65,620
1161,329,224|1162,323,298|1163,334,341|1164,184,380|1165,61,423|1166,299,500|1167,384,615|1168,60,615
1169,229,97|1170,299,177|1171,61,255|1172,151,373|1173,291,454|1174,308,494|1175,176,534|1176,61,613
1177,236,143|1178,314,182|1179,102,260|1180,321,340|1181,314,378|1182,260,420|1183,142,460|1184,293,578|1185,59,620
1186,182,140|1187,384,220|1188,261,257|1189,183,340|1190,233,420|1191,276,498|1192,245,576|1193,65,618
1194,181,141|1195,229,218|1196,305,338|1197,131,417|1198,168,498|1199,123,581|1200,59,619
1201,84,177|1202,297,377|1203,90,459|1204,295,577|1205,58,619
1206,178,103|1207,158,181|1208,129,341|1209,59,422|1210,97,498|1211,62,539|1212,61,620
1213,165,97|1214,62,179|1215,61,219|1216,281,295|1217,174,335|1218,386,416|1219,62,416|1220,144,574|1221,63,619
1222,240,99|1223,183,180|1224,194,218|1225,140,337|1226,207,458|1227,148,537|1228,124,578|1229,63,620
1230,279,139|1231,126,175|1232,106,376|1233,227,455|1234,173,534|1235,61,616
1236,61,112|1237,210,188|1238,385,342|1239,218,423|1240,59,544|1241,58,622
1242,385,177|1243,308,258|1244,120,299|1245,61,340|1246,143,422|1247,385,538|1248,62,619
1249,138,101|1250,385,174|1251,168,257|1252,60,339|1253,165,457|1254,330,576|1255,60,616
1256,301,101|1257,334,138|1258,98,216|1259,253,417|1260,179,538|1261,63,620
1262,340,99|1263,161,216|1264,386,379|1265,209,500|1266,61,615
1267,125,99|1268,173,177|1269,134,338|1270,301,458|1271,64,618
1272,178,180|1273,61,299|1274,344,421|1275,60,620
1276,62,99|1277,63,220|1278,197,302|1279,198,379|1280,226,460|1281,167,539|1282,62,619
1283,61,96|1284,386,218|1285,268,292|1286,383,374|1287,84,456|1288,299,538|1289,60,620
1290,64,100|1291,288,179|1292,169,218|1293,271,301|1294,172,378|1295,120,497|1296,64,617
1297,170,98|1298,207,178|1299,179,257|1300,186,339|1301,208,420|1302,121,536|1303,60,616
1304,139,220|1305,242,378|1306,61,501|1307,65,621
1308,171,99|1309,268,299|1310,60,341|1311,387,415|1312,118,461|1313,316,535|1314,62,618
1315,190,139|1316,236,258|1317,230,299|1318,305,417|1319,386,497|1320,95,537|1321,61,614
1322,289,98|1323,226,179|1324,91,220|1325,386,342|1326,63,421|1327,196,537|1328,62,617
1329,131,183|1330,289,302|1331,386,379|1332,89,417|1333,120,497|1334,63,615
1335,270,174|1336,346,295|1337,63,338|1338,131,420|1339,240,500|1340,222,578|1341,62,620
1342,387,175|1343,228,257|1344,263,373|1345,62,417|1346,66,618
1347,271,173|1348,132,255|1349,387,377|1350,97,418|1351,197,498|1352,61,618
1353,328,179|1354,293,219|1355,63,418|1356,313,536|1357,63,618
1358,60,95|1359,383,212|1360,118,251|1361,153,332|1362,383,449|1363,276,528|1364,63,569
1365,187,100|1366,316,221|1367,311,339|1368,214,461|1369,303,580|1370,64,622
1371,163,97|1372,181,137|1373,188,217|1374,273,298|1375,116,377|1376,198,498|1377,147,579|1378,62,619
1379,127,176|1380,122,257|1381,234,338|1382,129,459|1383,387,578|1384,64,619
1385,385,138|1386,323,299|1387,61,378|1388,88,574|1389,62,615
1390,109,109|1391,167,223|1392,126,300|1393,63,342|1394,167,422|1395,206,541|1396,114,581|1397,64,620
1398,216,100|1399,60,183|1400,296,261|1401,265,340|1402,61,380|1403,62,457|1404,309,537|1405,112,576|1406,61,617
1407,293,97|1408,237,141|1409,283,219|1410,119,261|1411,316,340|1412,385,379|1413,63,421|1414,317,496|1415,309,538|1416,152,577|1417,61,617
1418,313,133|1419,157,176|1420,271,218|1421,385,295|1422,324,336|1423,318,414|1424,313,496|1425,66,620
1426,386,101|1427,142,101|1428,226,181|1429,146,224|1430,184,342|1431,226,421|1432,318,543|1433,301,581|1434,65,621
1435,289,179|1436,61,220|1437,384,338|1438,318,418|1439,64,465|1440,60,504|1441,318,580|1442,62,621
1443,160,59|1444,157,100|1445,288,178|1446,320,216|1447,206,297|1448,143,338|1449,104,381|1450,210,419|1451,157,498|1452,63,616
1453,259,104|1454,275,219|1455,295,261|1456,63,302|1457,246,418|1458,127,498|1459,383,578|1460,383,618|1461,60,620
1462,331,141|1463,87,179|1464,248,262|1465,63,303|1466,116,382|1467,383,461|1468,253,543|1469,191,580|1470,66,619
1471,255,138|1472,99,216|1473,62,255|1474,59,384|1475,147,423|1476,352,540|1477,105,540|1478,61,618
1479,157,100|1480,239,255|1481,58,337|1482,271,420|1483,62,459|1484,298,541|1485,63,621
1486,64,101|1487,205,179|1488,384,257|1489,118,299|1490,91,459|1491,153,580|1492,61,618
1493,200,135|1494,136,175|1495,195,216|1496,270,297|1497,386,378|1498,65,378|1499,385,457|1500,386,576|1501,65,620
1502,284,140|1503,284,180|1504,297,302|1505,86,341|1506,122,379|1507,204,459|1508,62,502|1509,197,578|1510,61,621
1511,60,100|1512,338,175|1513,162,254|1514,86,295|1515,62,377|1516,281,501|1517,256,580|1518,62,620
1519,61,102|1520,120,185|1521,105,262|1522,119,344|1523,190,423|1524,63,465|1525,318,583|1526,63,621
1527,180,100|1528,259,139|1529,387,218|1530,386,299|1531,215,341|1532,106,380|1533,263,459|1534,387,579|1535,61,620
1536,313,140|1537,301,218|1538,134,259|1539,98,339|1540,384,418|1541,337,459|1542,89,499|1543,157,579|1544,62,620
1545,308,100|1546,127,140|1547,61,180|1548,225,216|1549,90,259|1550,305,339|1551,386,458|1552,385,498|1553,96,497|1554,62,620
1555,189,99|1556,186,138|1557,112,257|1558,62,339|1559,324,417|1560,200,497|1561,63,619
1562,336,135|1563,301,176|1564,303,252|1565,343,335|1566,134,417|1567,64,499|1568,102,540|1569,163,576|1570,65,618
1571,324,100|1572,292,141|1573,242,180|1574,61,259|1575,312,341|1576,98,379|1577,235,419|1578,181,460|1579,215,499|1580,384,579|1581,63,618
1582,62,103|1583,386,216|1584,340,256|1585,231,298|1586,293,376|1587,387,456|1588,107,457|1589,136,579|1590,64,619
1591,386,100|1592,128,142|1593,176,219|1594,193,260|1595,385,301|1596,62,343|1597,192,465|1598,266,502|1599,284,577|1600,63,619
1601,166,102|1602,250,221|1603,281,261|1604,107,300|1605,266,382|1606,338,459|1607,315,500|1608,313,540|1609,125,581|1610,65,623
1611,109,101|1612,246,140|1613,183,221|1614,196,302|1615,211,381|1616,95,421|1617,116,578|1618,63,619
1619,225,137|1620,129,218|1621,351,337|1622,322,418|1623,296,456|1624,182,498|1625,387,576|1626,62,618
1627,350,174|1628,304,258|1629,388,335|1630,340,375|1631,320,417|1632,314,537|1633,61,620
1634,128,140|1635,386,218|1636,255,339|1637,146,420|1638,383,539|1639,62,619
1640,61,63|1641,328,137|1642,85,217|1643,280,297|1644,175,339|1645,168,378|1646,90,458|1647,92,578|1648,61,620
1649,255,100|1650,93,140|1651,112,178|1652,111,260|1653,146,299|1654,93,339|1655,180,419|1656,202,458|1657,305,499|1658,384,575|1659,63,620
1660,136,102|1661,123,219|1662,386,339|1663,92,421|1664,387,583|1665,63,620
1666,143,97|1667,231,137|1668,134,180|1669,385,256|1670,126,258|1671,385,337|1672,204,458|1673,311,579|1674,61,619
1675,285,101|1676,385,259|1677,384,340|1678,271,378|1679,242,460|1680,63,501|1681,193,576|1682,63,618
1683,384,139|1684,201,219|1685,158,259|1686,305,379|1687,213,417|1688,63,461|1689,162,539|1690,321,615|1691,63,615
1692,93,101|1693,134,140|1694,104,179|1695,261,258|1696,112,420|1697,196,538|1698,386,619|1699,61,619
1700,62,60|1701,258,140|1702,304,180|1703,125,221|1704,215,300|1705,93,420|1706,385,541|1707,63,621
1708,221,186|1709,301,308|1710,136,388|1711,385,542|1712,60,622
1713,207,136|1714,386,216|1715,145,259|1716,187,297|1717,343,376|1718,353,498|1719,221,536|1720,62,618
1721,312,139|1722,178,180|1723,121,338|1724,60,496|1725,59,615
1726,302,98|1727,385,138|1728,255,179|1729,166,260|1730,288,338|1731,386,378|1732,295,460|1733,104,500|1734,198,578|1735,63,619
1736,348,98|1737,62,179|1738,183,378|1739,338,457|1740,175,578|1741,62,619
1742,286,138|1743,62,222|1744,101,300|1745,62,381|1746,63,422|1747,250,496|1748,332,575|1749,63,620
1750,61,102|1751,60,264|1752,176,341|1753,131,418|1754,382,539|1755,59,618
1756,147,176|1757,304,253|1758,213,294|1759,126,455|1760,61,615
1761,385,179|1762,385,259|1763,297,340|1764,141,380|1765,199,420|1766,280,459|1767,249,539|1768,61,619
1769,207,100|1770,386,142|1771,158,260|1772,386,499|1773,321,581|1774,62,620
1775,186,100|1776,386,178|1777,304,256|1778,221,299|1779,332,339|1780,169,378|1781,150,459|1782,138,578|1783,62,618
1784,96,103|1785,264,179|1786,63,220|1787,62,337|1788,238,417|1789,60,457|1790,335,538|1791,311,577|1792,65,617
1793,349,100|1794,321,219|1795,278,298|1796,385,376|1797,311,417|1798,221,457|1799,243,497|1800,265,537|1801,217,578|1802,61,618
1803,122,150|1804,181,188|1805,133,229|1806,181,266|1807,248,305|1808,258,342|1809,299,381|1810,309,424|1811,63,424|1812,144,465|1813,189,502|1814,281,542|1815,387,578|1816,388,620|1817,64,620
1818,64,57|1819,186,96|1820,267,136|1821,162,175|1822,207,216|1823,180,257|1824,329,336|1825,61,336|1826,63,375|1827,177,417|1828,225,456|1829,329,496|1830,227,537|1831,225,578|1832,335,617|1833,62,617
1834,137,59|1835,90,99|1836,236,136|1837,350,174|1838,126,174|1839,301,215|1840,130,215|1841,61,255|1842,192,297|1843,318,335|1844,263,375|1845,64,377|1846,100,415|1847,228,455|1848,65,454|1849,384,534|1850,65,534|1851,140,576|1852,256,616|1853,64,616
1854,101,59|1855,201,100|1856,198,141|1857,235,178|1858,256,217|1859,385,257|1860,147,260|1861,231,300|1862,308,340|1863,96,338|1864,247,377|1865,323,418|1866,98,418|1867,245,500|1868,200,539|1869,322,579|1870,98,580|1871,291,618|1872,62,618
1873,199,59|1874,335,99|1875,147,101|1876,132,141|1877,277,179|1878,131,180|1879,302,217|1880,63,217|1881,181,260|1882,285,298|1883,385,340|1884,124,340|1885,271,377|1886,63,377|1887,157,459|1888,306,498|1889,343,539|1890,132,579|1891,261,617|1892,64,617
1893,203,60|1894,336,99|1895,205,99|1896,303,141|1897,112,141|1898,119,179|1899,201,220|1900,297,259|1901,62,259|1902,386,420|1903,164,461|1904,111,501|1905,120,542|1906,385,619|1907,59,619
1908,160,98|1909,61,139|1910,323,218|1911,137,259|1912,62,340|1913,384,460|1914,131,498|1915,64,619
1916,268,98|1917,385,138|1918,92,139|1919,60,179|1920,163,219|1921,125,259|1922,162,298|1923,386,380|1924,238,419|1925,231,459|1926,265,539|1927,62,620
1928,206,141|1929,194,218|1930,114,258|1931,384,379|1932,138,416|1933,300,497|1934,135,577|1935,67,618
1936,386,178|1937,207,299|1938,62,336|1939,62,418|1940,260,499|1941,294,538|1942,336,619|1943,63,618
1944,234,99|1945,384,175|1946,133,215|1947,207,257|1948,257,297|1949,386,377|1950,198,414|1951,246,457|1952,160,497|1953,142,536|1954,86,577|1955,60,617
1956,117,63|1957,337,141|1958,385,181|1959,384,223|1960,162,260|1961,386,339|1962,246,420|1963,249,501|1964,306,579|1965,65,617
1966,272,102|1967,63,139|1968,183,217|1969,95,255|1970,326,375|1971,111,419|1972,283,535|1973,62,619
1974,196,99|1975,196,138|1976,224,258|1977,122,379|1978,94,458|1979,383,576|1980,62,618
1981,386,181|1982,182,300|1983,294,339|1984,198,379|1985,385,459|1986,313,495|1987,106,577|1988,64,617
1989,170,99|1990,208,219|1991,384,341|1992,224,419|1993,62,541|1994,61,619
1995,335,138|1996,152,180|1997,243,256|1998,175,340|1999,175,380|2000,99,419|2001,387,500|2002,387,580|2003,66,622
2004,273,141|2005,144,178|2006,278,258|2007,231,376|2008,321,459|2009,386,539|2010,63,538|2011,63,620
2012,160,100|2013,103,219|2014,309,298|2015,62,339|2016,276,455|2017,129,539|2018,291,577|2019,64,619
2020,62,103|2021,387,178|2022,384,218|2023,385,256|2024,268,297|2025,242,377|2026,65,458|2027,243,536|2028,386,614|2029,64,618
2030,264,225|2031,62,262|2032,61,303|2033,214,383|2034,255,462|2035,63,504|2036,67,620
2037,337,103|2038,61,143|2039,62,182|2040,62,218|2041,114,340|2042,307,419|2043,384,460|2044,347,540|2045,180,581|2046,62,620
2047,131,100|2048,273,179|2049,179,218|2050,386,297|2051,64,298|2052,119,420|2053,343,498|2054,195,539|2055,134,579|2056,64,620
2057,339,99|2058,194,140|2059,118,178|2060,309,259|2061,335,299|2062,242,378|2063,341,459|2064,246,499|2065,60,539|2066,310,617|2067,59,620
2068,182,100|2069,61,140|2070,62,179|2071,385,261|2072,155,261|2073,138,339|2074,340,419|2075,383,499|2076,109,540|2077,62,580|2078,64,621
2079,203,60|2080,301,177|2081,226,219|2082,320,296|2083,134,340|2084,277,418|2085,138,458|2086,63,538|2087,63,619
2088,317,138|2089,61,219|2090,199,296|2091,272,375|2092,207,417|2093,344,537|2094,286,575|2095,63,617
2096,181,103|2097,324,183|2098,270,261|2099,206,338|2100,184,421|2101,142,461|2102,236,540|2103,213,577|2104,62,620
2105,157,101|2106,87,140|2107,214,219|2108,109,261|2109,246,339|2110,253,380|2111,99,419|2112,385,499|2113,347,538|2114,197,578|2115,64,619
2116,81,62|2117,97,139|2118,291,217|2119,295,259|2120,198,296|2121,61,336|2122,255,458|2123,127,497|2124,192,575|2125,61,617
2126,64,139|2127,178,219|2128,61,296|2129,211,376|2130,194,459|2131,256,538|2132,234,582|2133,62,621
2134,66,64|2135,61,105|2136,222,182|2137,279,220|2138,323,260|2139,290,338|2140,62,377|2141,60,504|2142,117,578|2143,324,621|2144,60,621
2145,197,99|2146,95,142|2147,385,221|2148,142,221|2149,66,262|2150,227,336|2151,230,376|2152,251,416|2153,120,457|2154,113,538|2155,63,617
2156,383,135|2157,193,253|2158,211,374|2159,275,576|2160,64,616
2161,170,182|2162,180,342|2163,252,378|2164,384,460|2165,386,499|2166,269,582|2167,65,620
2168,322,177|2169,238,296|2170,111,339|2171,108,459|2172,236,540|2173,169,580|2174,63,619
2175,355,99|2176,224,137|2177,385,214|2178,121,216|2179,255,297|2180,355,374|2181,65,374|2182,134,456|2183,147,499|2184,203,536|2185,63,615
2186,211,95|2187,114,135|2188,257,214|2189,226,336|2190,233,454|2191,385,537|2192,162,575|2193,66,616
2194,209,99|2195,189,178|2196,90,258|2197,106,376|2198,64,457|2199,321,538|2200,137,578|2201,63,620
2202,321,95|2203,304,174|2204,332,212|2205,212,253|2206,180,293|2207,319,333|2208,83,334|2209,86,374|2210,384,455|2211,169,497|2212,257,537|2213,256,576|2214,63,617
2215,108,59|2216,385,134|2217,183,216|2218,99,256|2219,139,333|2220,386,414|2221,386,454|2222,121,577|2223,65,618
2224,120,57|2225,386,97|2226,328,181|2227,275,217|2228,191,259|2229,94,259|2230,320,339|2231,101,339|2232,355,379|2233,256,418|2234,360,498|2235,318,540|2236,388,619|2237,63,619
2238,356,96|2239,307,138|2240,62,137|2241,359,214|2242,195,255|2243,350,293|2244,303,337|2245,134,376|2246,145,418|2247,108,457|2248,255,499|2249,84,541|2250,67,619
2251,296,148|2252,58,147|2253,213,184|2254,345,260|2255,135,295|2256,154,337|2257,386,415|2258,147,457|2259,341,535|2260,161,577|2261,62,618
2262,61,61|2263,170,100|2264,263,139|2265,282,177|2266,238,217|2267,116,260|2268,183,298|2269,182,338|2270,150,381|2271,220,459|2272,278,498|2273,62,541|2274,63,582|2275,62,620
2276,62,102|2277,357,177|2278,319,217|2279,300,257|2280,357,296|2281,223,332|2282,304,374|2283,283,415|2284,274,452|2285,166,496|2286,196,534|2287,116,575|2288,61,615
2289,385,101|2290,111,102|2291,166,139|2292,103,179|2293,352,256|2294,342,297|2295,244,336|2296,91,377|2297,61,418|2298,218,498|2299,60,539|2300,61,579|2301,62,618
2302,131,65|2303,254,106|2304,212,145|2305,199,184|2306,270,223|2307,140,224|2308,171,337|2309,384,418|2310,273,459|2311,230,499|2312,208,541|2313,271,581|2314,61,621
2315,274,99|2316,318,138|2317,303,179|2318,192,217|2319,185,259|2320,282,300|2321,300,341|2322,330,378|2323,85,420|2324,117,459|2325,285,580|2326,63,620
2327,386,99|2328,114,100|2329,112,139|2330,261,177|2331,279,218|2332,304,256|2333,318,297|2334,62,297|2335,169,338|2336,294,373|2337,291,415|2338,96,416|2339,291,457|2340,182,495|2341,386,535|2342,164,536|2343,141,576|2344,301,616|2345,62,616
2346,310,99|2347,193,140|2348,60,179|2349,337,305|2350,138,305|2351,318,344|2352,62,345|2353,215,380|2354,171,419|2355,245,462|2356,329,499|2357,133,499|2358,246,577|2359,61,578|2360,61,617
2361,210,59|2362,180,96|2363,142,137|2364,136,177|2365,265,215|2366,123,256|2367,333,297|2368,129,298|2369,149,337|2370,99,376|2371,278,412|2372,98,415|2373,269,455|2374,163,456|2375,348,495|2376,257,495|2377,96,495|2378,361,535|2379,244,535|2380,122,536|2381,355,576|2382,252,576|2383,119,575|2384,252,616|2385,60,615
2386,226,61|2387,179,142|2388,61,259|2389,261,299|2390,328,338|2391,155,338|2392,257,378|2393,311,417|2394,382,459|2395,338,538|2396,348,577|2397,177,576|2398,239,616|2399,61,617
2400,62,62|2401,91,140|2402,102,182|2403,95,220|2404,186,259|2405,218,301|2406,346,378|2407,384,418|2408,134,419|2409,255,498|2410,334,538|2411,104,579|2412,61,621
2413,91,61|2414,386,140|2415,176,140|2416,318,180|2417,178,220|2418,215,259|2419,264,379|2420,309,457|2421,207,498|2422,182,539|2423,128,579|2424,64,618
2425,155,100|2426,177,140|2427,326,180|2428,92,219|2429,179,300|2430,192,341|2431,294,380|2432,315,418|2433,323,460|2434,331,580|2435,62,619
2436,270,101|2437,240,141|2438,351,220|2439,386,259|2440,150,259|2441,282,299|2442,351,380|2443,149,380|2444,126,461|2445,107,579|2446,62,621
2447,326,98|2448,387,139|2449,113,139|2450,150,180|2451,233,219|2452,184,260|2453,246,298|2454,62,298|2455,212,338|2456,388,415|2457,357,456|2458,356,497|2459,317,535|2460,245,576|2461,61,618
2462,133,102|2463,126,142|2464,386,219|2465,270,261|2466,64,262|2467,184,300|2468,343,378|2469,62,422|2470,182,460|2471,155,540|2472,345,621|2473,63,620
2474,101,64|2475,347,139|2476,118,182|2477,137,225|2478,85,305|2479,187,383|2480,387,457|2481,277,500|2482,232,580|2483,60,619
2484,60,151|2485,330,226|2486,313,303|2487,250,341|2488,382,422|2489,384,460|2490,188,500|2491,149,537|2492,62,580|2493,62,619
2494,311,98|2495,59,98|2496,341,176|2497,167,177|2498,129,216|2499,183,256|2500,160,298|2501,385,378|2502,199,417|2503,313,455|2504,383,495|2505,313,535|2506,87,535|2507,62,619
2508,280,100|2509,236,138|2510,257,180|2511,384,259|2512,183,298|2513,174,382|2514,327,460|2515,285,500|2516,213,539|2517,169,579|2518,61,619
2519,271,140|2520,231,181|2521,232,221|2522,278,301|2523,153,340|2524,297,419|2525,87,458|2526,167,536|2527,62,618
2528,303,102|2529,152,143|2530,387,258|2531,318,297|2532,259,338|2533,331,377|2534,312,418|2535,288,457|2536,63,457|2537,92,500|2538,203,538|2539,386,618|2540,63,620
2541,385,101|2542,62,102|2543,138,142|2544,168,183|2545,231,222|2546,144,259|2547,145,299|2548,105,338|2549,332,416|2550,320,457|2551,326,497|2552,63,497|2553,132,538|2554,114,578|2555,63,620
2556,327,147|2557,323,224|2558,385,261|2559,174,302|2560,337,379|2561,63,420|2562,66,502|2563,271,578|2564,64,622
2565,149,102|2566,62,141|2567,62,220|2568,383,298|2569,63,299|2570,221,419|2571,138,459|2572,383,536|2573,60,619
2574,134,99|2575,63,141|2576,61,180|2577,188,260|2578,191,299|2579,61,341|2580,306,458|2581,121,500|2582,63,539|2583,143,580|2584,69,616
2585,328,94|2586,386,175|2587,384,253|2588,193,292|2589,282,330|2590,386,370|2591,238,409|2592,63,449|2593,384,527|2594,84,528|2595,60,568
2596,338,139|2597,386,257|2598,290,300|2599,225,337|2600,64,620
2601,383,97|2602,343,138|2603,290,178|2604,103,220|2605,141,259|2606,275,382|2607,126,418|2608,63,459|2609,117,537|2610,62,616
2611,386,99|2612,151,180|2613,237,338|2614,218,418|2615,331,455|2616,171,455|2617,386,536|2618,64,617
2619,386,102|2620,60,182|2621,330,301|2622,129,342|2623,275,459|2624,141,503|2625,62,621
2626,385,132|2627,386,174|2628,330,213|2629,205,294|2630,285,373|2631,249,492|2632,138,575|2633,61,616
2634,336,103|2635,348,261|2636,256,342|2637,224,381|2638,60,381|2639,182,461|2640,201,538|2641,59,621
2642,148,100|2643,387,181|2644,116,182|2645,63,223|2646,386,298|2647,109,381|2648,111,459|2649,321,578|2650,62,618
2651,138,104|2652,59,140|2653,298,259|2654,258,300|2655,293,381|2656,385,458|2657,62,500|2658,183,578|2659,63,620
2660,214,143|2661,62,183|2662,63,262|2663,132,301|2664,60,341|2665,188,419|2666,324,501|2667,64,619
2668,251,175|2669,264,214|2670,97,254|2671,61,295|2672,62,368|2673,61,569
2674,263,100|2675,61,104|2676,180,140|2677,336,179|2678,111,180|2679,63,222|2680,121,261|2681,208,302|2682,325,342|2683,167,342|2684,222,379|2685,293,420|2686,82,421|2687,182,537|2688,340,579|2689,111,578|2690,63,616
2691,310,100|2692,172,141|2693,132,180|2694,303,260|2695,107,260|2696,291,337|2697,121,416|2698,155,455|2699,291,496|2700,61,619
2701,275,98|2702,334,138|2703,111,139|2704,262,176|2705,182,218|2706,339,338|2707,387,375|2708,385,419|2709,180,418|2710,153,459|2711,125,498|2712,269,541|2713,60,541|2714,318,620|2715,63,620
2716,179,61|2717,212,144|2718,215,181|2719,222,222|2720,261,258|2721,387,298|2722,108,298|2723,386,378|2724,308,418|2725,337,458|2726,341,498|2727,151,498|2728,250,538|2729,385,575|2730,130,575|2731,258,616|2732,61,616
2733,60,62|2734,127,99|2735,62,138|2736,334,218|2737,386,257|2738,150,257|2739,133,301|2740,270,338|2741,280,377|2742,384,417|2743,335,460|2744,265,539|2745,292,580|2746,60,583|2747,64,621
2748,325,101|2749,304,142|2750,277,182|2751,222,221|2752,288,261|2753,199,301|2754,312,342|2755,329,381|2756,246,421|2757,255,464|2758,385,502|2759,385,543|2760,130,543|2761,295,620|2762,61,619
2763,177,62|2764,105,137|2765,126,177|2766,229,215|2767,318,257|2768,62,259|2769,62,298|2770,140,338|2771,285,376|2772,331,415|2773,125,456|2774,64,496|2775,106,536|2776,329,615|2777,64,618
2778,95,59|2779,88,95|2780,158,133|2781,305,173|2782,132,214|2783,62,253|2784,87,291|2785,184,332|2786,266,372|2787,304,409|2788,282,452|2789,207,490|2790,315,569|2791,62,571
2792,386,134|2793,223,215|2794,328,297|2795,327,377|2796,345,416|2797,63,456|2798,102,495|2799,384,576|2800,62,576|2801,63,614
2802,231,141|2803,93,182|2804,248,261|2805,63,300|2806,180,380|2807,385,458|2808,63,459|2809,128,499|2810,102,579|2811,62,618
2812,237,178|2813,291,298|2814,61,340|2815,385,417|2816,341,457|2817,137,539|2818,63,617
2819,347,145|2820,61,186|2821,146,264|2822,62,621
2823,61,103|2824,387,341|2825,210,378|2826,209,582|2827,63,619
2828,61,102|2829,253,180|2830,61,263|2831,117,384|2832,122,461|2833,179,503|2834,61,620
2835,63,62|2836,216,180|2837,130,220|2838,211,303|2839,167,341|2840,277,379|2841,63,420|2842,95,501|2843,384,581|2844,65,619
2845,263,143|2846,61,299|2847,336,376|2848,194,418|2849,62,618
2850,281,137|2851,303,258|2852,62,618
2853,222,214|2854,128,330|2855,62,413|2856,384,576|2857,63,617
2858,270,142|2859,386,220|2860,228,260|2861,98,303|2862,111,381|2863,102,461|2864,340,541|2865,79,581|2866,64,621
2867,96,63|2868,63,103|2869,81,143|2870,261,221|2871,198,262|2872,194,341|2873,99,422|2874,63,501|2875,61,620
2876,387,140|2877,300,178|2878,303,217|2879,296,259|2880,338,300|2881,285,339|2882,182,380|2883,305,418|2884,142,461|2885,111,501|2886,335,579|2887,64,620
2888,62,61|2889,244,141|2890,160,178|2891,95,218|2892,146,297|2893,148,340|2894,175,378|2895,226,456|2896,137,497|2897,105,576|2898,63,617
2899,220,98|2900,385,180|2901,169,180|2902,61,219|2903,249,300|2904,176,337|2905,128,377|2906,219,418|2907,192,460|2908,291,539|2909,214,578|2910,63,617
2911,202,61|2912,122,101|2913,299,182|2914,337,261|2915,196,301|2916,92,340|2917,322,420|2918,106,460|2919,173,500|2920,384,579|2921,170,579|2922,64,619
2923,339,132|2924,333,172|2925,336,250|2926,339,289|2927,293,328|2928,201,369|2929,282,447|2930,140,488|2931,192,525|2932,63,566
2933,334,101|2934,156,102|2935,278,139|2936,254,180|2937,261,221|2938,298,261|2939,348,301|2940,90,299|2941,256,341|2942,326,381|2943,167,381|2944,313,422|2945,316,459|2946,88,461|2947,142,501|2948,206,541|2949,385,580|2950,62,581|2951,62,619
2952,216,61|2953,154,100|2954,237,142|2955,388,176|2956,389,216|2957,198,217|2958,331,258|2959,60,260|2960,86,298|2961,87,339|2962,245,375|2963,321,415|2964,112,416|2965,245,454|2966,346,495|2967,320,534|2968,387,574|2969,164,574|2970,268,613|2971,63,617
2972,154,60|2973,115,102|2974,242,142|2975,386,178|2976,328,221|2977,385,259|2978,218,260|2979,61,260|2980,282,300|2981,157,378|2982,289,419|2983,289,458|2984,334,497|2985,116,499|2986,298,538|2987,170,537|2988,385,578|2989,191,579|2990,61,578|2991,212,617|2992,61,617
2993,83,63|2994,240,100|2995,61,140|2996,274,180|2997,61,179|2998,258,220|2999,337,259|3000,140,261|3001,319,300|3002,93,299|3003,200,340|3004,343,378|3005,173,380|3006,298,419|3007,98,420|3008,240,459|3009,385,498|3010,217,500|3011,386,540|3012,176,541|3013,343,581|3014,386,618|3015,61,620
3016,183,61|3017,342,102|3018,132,103|3019,341,141|3020,177,140|3021,349,181|3022,193,182|3023,386,220|3024,200,221|3025,313,260|3026,141,261|3027,336,299|3028,158,301|3029,312,339|3030,132,342|3031,299,380|3032,171,381|3033,61,380|3034,194,418|3035,292,458|3036,101,460|3037,279,499|3038,62,501|3039,277,540|3040,135,540|3041,136,579|3042,317,620|3043,62,620
3044,200,61|3045,322,99|3046,163,102|3047,386,139|3048,87,140|3049,270,179|3050,289,218|3051,385,259|3052,235,259|3053,294,299|3054,104,300|3055,313,340|3056,105,340|3057,324,377|3058,177,379|3059,175,419|3060,310,458|3061,64,461|3062,213,498|3063,65,501|3064,209,536|3065,64,540|3066,287,579|3067,387,617|3068,65,617
3069,247,59|3070,119,60|3071,83,98|3072,254,135|3073,95,137|3074,211,176|3075,61,177|3076,261,216|3077,273,254|3078,62,254|3079,277,295|3080,62,296|3081,177,336|3082,384,373|3083,211,373|3084,303,413|3085,111,415|3086,93,454|3087,127,495|3088,183,534|3089,336,572|3090,260,613|3091,64,616
3092,240,60|3093,387,97|3094,243,97|3095,91,100|3096,62,141|3097,222,181|3098,195,219|3099,253,257|3100,63,258|3101,225,299|3102,62,301|3103,263,338|3104,139,339|3105,235,378|3106,338,417|3107,151,418|3108,290,457|3109,111,459|3110,322,498|3111,174,498|3112,174,537|3113,261,579|3114,65,581|3115,65,619
3116,154,60|3117,297,98|3118,316,137|3119,298,177|3120,110,177|3121,62,220|3122,156,258|3123,302,296|3124,132,297|3125,338,336|3126,131,338|3127,355,377|3128,204,376|3129,272,416|3130,61,418|3131,165,457|3132,254,496|3133,337,536|3134,103,538|3135,280,578|3136,117,578|3137,268,616|3138,61,617
3139,212,58|3140,319,96|3141,146,96|3142,315,134|3143,105,134|3144,258,172|3145,306,213|3146,118,214|3147,180,250|3148,280,290|3149,98,290|3150,292,331|3151,140,333|3152,340,368|3153,109,368|3154,303,409|3155,63,410|3156,215,447|3157,330,488|3158,117,490|3159,62,569
3160,137,96|3161,323,135|3162,265,175|3163,240,215|3164,211,255|3165,291,298|3166,89,337|3167,338,413|3168,123,415|3169,231,498|3170,263,537|3171,382,614|3172,60,615
3173,249,97|3174,60,137|3175,127,213|3176,60,252|3177,383,369|3178,61,453|3179,304,531|3180,219,573|3181,61,613
3182,294,94|3183,280,173|3184,84,214|3185,151,254|3186,198,295|3187,122,333|3188,222,376|3189,257,412|3190,59,414|3191,330,492|3192,265,534|3193,60,573|3194,59,616
3195,197,95|3196,84,136|3197,60,178|3198,293,256|3199,192,376|3200,145,417|3201,383,494|3202,383,535|3203,60,616
3204,233,92|3205,312,170|3206,207,214|3207,93,252|3208,159,330|3209,152,369|3210,383,448|3211,220,490|3212,248,531|3213,145,571|3214,61,613
3215,122,98|3216,118,136|3217,169,176|3218,60,217|3219,59,337|3220,235,456|3221,187,534|3222,60,614
3223,60,98|3224,296,174|3225,181,215|3226,141,255|3227,59,297|3228,382,373|3229,59,376|3230,113,416|3231,112,455|3232,82,494|3233,127,536|3234,159,574|3235,61,615
3236,203,57|3237,207,99|3238,307,136|3239,296,175|3240,108,215|3241,206,292|3242,146,333|3243,384,413|3244,88,412|3245,226,493|3246,333,571|3247,59,610
3248,60,59|3249,260,135|3250,321,212|3251,124,254|3252,58,295|3253,332,420|3254,140,421|3255,97,460|3256,299,578|3257,60,620
3258,198,97|3259,60,176|3260,61,258|3261,112,337|3262,111,416|3263,385,496|3264,63,534|3265,61,618
3266,305,101|3267,385,255|3268,282,296|3269,276,337|3270,345,417|3271,59,498|3272,61,578|3273,60,619
3274,326,101|3275,288,216|3276,163,259|3277,154,379|3278,386,461|3279,306,581|3280,63,620
3281,382,181|3282,299,260|3283,291,342|3284,284,460|3285,308,499|3286,60,538|3287,60,619
3288,97,103|3289,139,182|3290,140,302|3291,289,378|3292,63,420|3293,291,500|3294,143,540|3295,63,621
3296,281,104|3297,163,183|3298,62,259|3299,282,378|3300,385,498|3301,229,538|3302,64,621
3303,111,63|3304,146,103|3305,64,145|3306,196,221|3307,267,300|3308,123,341|3309,230,460|3310,183,537|3311,65,618
3312,225,101|3313,291,180|3314,281,219|3315,311,298|3316,144,336|3317,203,379|3318,206,419|3319,112,457|3320,198,540|3321,215,579|3322,60,620
3323,61,99|3324,252,217|3325,388,295|3326,306,337|3327,319,417|3328,388,538|3329,65,618
3330,162,141|3331,113,220|3332,114,301|3333,197,382|3334,238,502|3335,385,579|3336,62,623
3337,117,101|3338,206,180|3339,295,260|3340,64,300|3341,351,422|3342,332,463|3343,215,503|3344,142,543|3345,93,581|3346,64,621
3347,165,101|3348,63,181|3349,383,258|3350,386,378|3351,384,414|3352,233,498|3353,386,575|3354,63,618
3355,384,100|3356,187,140|3357,139,260|3358,324,341|3359,195,380|3360,202,459|3361,222,499|3362,319,577|3363,63,621
3364,385,141|3365,209,263|3366,111,303|3367,382,421|3368,63,465|3369,386,619|3370,64,623
3371,63,99|3372,101,179|3373,213,302|3374,388,381|3375,386,422|3376,387,499|3377,255,542|3378,62,620
3379,382,142|3380,146,264|3381,241,382|3382,110,423|3383,384,500|3384,264,541|3385,61,624
3386,65,141|3387,273,260|3388,102,300|3389,223,383|3390,333,460|3391,313,542|3392,64,620
3393,200,105|3394,193,145|3395,383,223|3396,385,264|3397,105,264|3398,96,344|3399,232,383|3400,94,423|3401,240,501|3402,152,542|3403,64,622
3404,160,101|3405,309,177|3406,316,218|3407,385,295|3408,114,335|3409,62,374|3410,351,501|3411,252,500|3412,250,541|3413,63,582|3414,62,624
3415,385,99|3416,385,141|3417,247,223|3418,274,383|3419,91,424|3420,121,464|3421,234,502|3422,96,543|3423,185,581|3424,61,621
3425,244,102|3426,293,140|3427,249,181|3428,386,261|3429,310,302|3430,187,382|3431,230,463|3432,259,541|3433,65,622
3434,191,101|3435,214,140|3436,189,221|3437,58,339|3438,194,419|3439,297,537|3440,180,576|3441,58,618
3442,149,102|3443,163,141|3444,142,181|3445,292,260|3446,153,302|3447,180,384|3448,126,460|3449,316,579|3450,65,621
3451,238,105|3452,89,144|3453,61,186|3454,324,264|3455,322,344|3456,324,424|3457,384,541|3458,383,582|3459,59,621
3460,386,102|3461,346,138|3462,189,181|3463,63,264|3464,246,341|3465,207,421|3466,138,462|3467,122,540|3468,132,582|3469,64,623
3470,349,146|3471,141,146|3472,311,183|3473,263,222|3474,293,264|3475,298,342|3476,60,386|3477,60,425|3478,101,464|3479,251,582|3480,60,621
3481,118,104|3482,298,182|3483,299,261|3484,275,381|3485,217,461|3486,300,541|3487,171,581|3488,64,621
3489,185,143|3490,152,222|3491,235,302|3492,384,380|3493,60,382|3494,167,459|3495,170,499|3496,126,579|3497,60,620
3498,272,140|3499,114,177|3500,167,253|3501,384,372|3502,334,490|3503,66,572
3504,353,101|3505,382,140|3506,88,180|3507,328,301|3508,96,341|3509,141,380|3510,117,422|3511,202,460|3512,284,540|3513,151,581|3514,62,622
3515,387,135|3516,62,180|3517,134,257|3518,192,339|3519,338,418|3520,282,458|3521,316,500|3522,166,539|3523,62,622
3524,271,97|3525,126,138|3526,257,212|3527,117,252|3528,384,331|3529,382,411|3530,62,453|3531,60,490|3532,385,566|3533,61,572
3534,228,143|3535,159,184|3536,257,220|3537,181,342|3538,388,501|3539,61,621
3540,62,103|3541,386,181|3542,270,259|3543,256,342|3544,299,383|3545,164,422|3546,352,542|3547,198,582|3548,62,621
3549,269,100|3550,297,179|3551,112,218|3552,163,380|3553,272,501|3554,63,538|3555,64,620
3556,110,100|3557,152,181|3558,232,261|3559,176,340|3560,324,419|3561,305,501|3562,60,541|3563,61,621
3564,138,101|3565,104,180|3566,322,340|3567,64,380|3568,64,618
3569,345,141|3570,385,339|3571,119,380|3572,310,461|3573,61,501|3574,139,540|3575,332,580|3576,61,622
3577,103,67|3578,112,107|3579,208,146|3580,265,185|3581,64,225|3582,167,344|3583,64,619
3584,135,183|3585,384,303|3586,81,580|3587,63,621
3588,384,180|3589,171,224|3590,338,300|3591,63,344|3592,271,461|3593,140,541|3594,159,582|3595,65,623
3596,228,107|3597,323,145|3598,383,186|3599,284,226|3600,271,265|3601,272,303|3602,61,341|3603,97,383|3604,260,465|3605,199,544|3606,62,624
3607,197,186|3608,284,263|3609,160,382|3610,310,462|3611,218,503|3612,291,580|3613,59,623
3614,220,104|3615,240,219|3616,113,261|3617,339,339|3618,61,421|3619,320,541|3620,62,621
3621,387,145|3622,387,222|3623,61,223|3624,61,303|3625,333,420|3626,274,460|3627,263,538|3628,60,616
3629,383,139|3630,83,182|3631,82,223|3632,383,302|3633,267,341|3634,62,380|3635,62,419|3636,385,496|3637,59,616
3638,135,103|3639,183,261|3640,65,302|3641,64,343|3642,327,423|3643,178,502|3644,87,541|3645,64,622
3646,329,101|3647,143,140|3648,227,221|3649,193,341|3650,121,381|3651,254,459|3652,61,542|3653,302,617|3654,65,621
3655,146,65|3656,301,145|3657,307,182|3658,306,223|3659,234,263|3660,64,304|3661,328,502|3662,96,541|3663,62,622
3664,385,102|3665,242,141|3666,95,183|3667,285,258|3668,161,341|3669,264,420|3670,387,539|3671,63,621
3672,251,179|3673,84,299|3674,387,416|3675,326,460|3676,62,462|3677,245,499|3678,65,619
3679,212,64|3680,387,102|3681,232,102|3682,83,143|3683,310,179|3684,258,220|3685,344,299|3686,62,302|3687,294,419|3688,241,499|3689,201,576|3690,60,618
3691,247,102|3692,134,181|3693,340,261|3694,307,300|3695,231,342|3696,294,419|3697,103,502|3698,82,541|3699,60,618
3700,325,177|3701,312,257|3702,270,339|3703,387,456|3704,136,541|3705,63,617
3706,354,140|3707,197,139|3708,383,179|3709,216,180|3710,384,219|3711,63,219|3712,78,260|3713,313,338|3714,62,379|3715,385,459|3716,90,499|3717,124,579|3718,64,617
3719,245,98|3720,60,141|3721,154,180|3722,277,219|3723,110,260|3724,385,341|3725,236,378|3726,237,420|3727,263,459|3728,325,539|3729,162,541|3730,268,577|3731,327,619|3732,63,620
3733,319,99|3734,386,137|3735,315,176|3736,253,216|3737,386,259|3738,274,297|3739,188,338|3740,144,378|3741,280,461|3742,275,498|3743,225,539|3744,251,577|3745,63,617
3746,102,64|3747,248,101|3748,291,138|3749,91,142|3750,62,184|3751,385,261|3752,310,341|3753,386,379|3754,385,419|3755,62,422|3756,385,499|3757,222,540|3758,157,579|3759,64,621
3760,138,64|3761,195,101|3762,324,139|3763,146,142|3764,284,180|3765,153,220|3766,251,258|3767,266,299|3768,386,337|3769,143,341|3770,318,419|3771,216,460|3772,385,540|3773,63,541|3774,385,618|3775,61,619
3776,329,97|3777,60,99|3778,120,136|3779,144,176|3780,189,216|3781,188,256|3782,133,296|3783,61,335|3784,385,412|3785,299,451|3786,62,495|3787,60,533|3788,61,571
3789,291,96|3790,174,96|3791,63,96|3792,294,135|3793,326,175|3794,105,177|3795,277,216|3796,316,257|3797,142,257|3798,225,295|3799,144,336|3800,327,376|3801,193,377|3802,386,417|3803,203,415|3804,313,456|3805,188,456|3806,385,496|3807,157,497|3808,332,537|3809,64,538|3810,113,576|3811,216,616|3812,63,617
3813,283,63|3814,128,63|3815,279,102|3816,60,103|3817,233,141|3818,272,180|3819,61,182|3820,250,221|3821,387,259|3822,195,262|3823,233,302|3824,305,341|3825,93,344|3826,243,381|3827,386,420|3828,220,421|3829,61,422|3830,274,462|3831,152,462|3832,387,500|3833,188,500|3834,386,538|3835,164,542|3836,312,578|3837,167,579|3838,291,619|3839,61,622
3840,224,61|3841,334,99|3842,184,99|3843,332,141|3844,154,140|3845,250,177|3846,123,178|3847,237,217|3848,62,219|3849,216,258|3850,343,300|3851,152,299|3852,244,339|3853,383,379|3854,133,377|3855,259,418|3856,62,419|3857,224,459|3858,61,460|3859,175,499|3860,328,539|3861,61,539|3862,205,577|3863,316,617|3864,62,619
3865,242,62|3866,90,62|3867,274,103|3868,98,102|3869,288,140|3870,141,141|3871,276,179|3872,103,179|3873,227,220|3874,383,259|3875,218,258|3876,60,261|3877,298,300|3878,160,301|3879,286,338|3880,152,340|3881,338,379|3882,200,379|3883,386,417|3884,212,419|3885,315,460|3886,60,462|3887,203,501|3888,386,540|3889,228,542|3890,59,621
3891,248,60|3892,91,60|3893,140,101|3894,305,139|3895,152,140|3896,330,179|3897,203,178|3898,385,216|3899,202,217|3900,303,256|3901,207,297|3902,317,338|3903,385,376|3904,166,378|3905,319,419|3906,102,419|3907,243,458|3908,385,497|3909,117,498|3910,262,538|3911,61,539|3912,246,577|3913,324,616|3914,63,618
3915,243,58|3916,62,58|3917,253,99|3918,117,100|3919,288,139|3920,119,140|3921,302,180|3922,120,179|3923,314,218|3924,177,219|3925,323,260|3926,158,260|3927,326,301|3928,141,300|3929,296,338|3930,124,339|3931,270,379|3932,60,378|3933,188,421|3934,322,461|3935,62,461|3936,229,498|3937,275,538|3938,304,577|3939,86,579|3940,264,618|3941,63,619
3942,281,59|3943,187,60|3944,386,98|3945,192,99|3946,154,136|3947,339,174|3948,179,175|3949,62,175|3950,280,212|3951,121,212|3952,308,252|3953,173,253|3954,385,292|3955,263,290|3956,89,291|3957,268,332|3958,95,333|3959,225,371|3960,82,373|3961,278,411|3962,142,412|3963,338,452|3964,190,452|3965,284,491|3966,136,493|3967,313,533|3968,61,532|3969,244,569|3970,61,570
3971,240,101|3972,61,104|3973,98,144|3974,61,184|3975,137,222|3976,59,260|3977,98,301|3978,385,380|3979,115,382|3980,61,421|3981,151,461|3982,210,501|3983,228,542|3984,300,580|3985,335,620|3986,62,621
3987,62,63|3988,108,100|3989,268,144|3990,293,179|3991,328,219|3992,245,300|3993,86,342|3994,365,497|3995,384,539|3996,64,620
3997,241,102|3998,383,183|3999,329,222|4000,382,261|4001,118,262|4002,69,302|4003,131,341|4004,142,380|4005,62,417|4006,121,461|4007,289,500|4008,92,501|4009,198,543|4010,350,580|4011,299,619|4012,63,619
4013,384,99|4014,271,138|4015,243,178|4016,349,219|4017,105,222|4018,119,262|4019,237,300|4020,387,335|4021,64,338|4022,190,375|4023,334,415|4024,146,416|4025,273,457|4026,92,457|4027,242,498|4028,63,500|4029,63,542|4030,63,583|4031,63,621
4032,117,60|4033,206,101|4034,354,139|4035,62,141|4036,116,179|4037,348,217|4038,222,219|4039,318,261|4040,116,260|4041,200,298|4042,222,338|4043,339,377|4044,93,378|4045,326,460|4046,382,497|4047,202,499|4048,348,539|4049,136,537|4050,327,577|4051,142,578|4052,272,618|4053,60,619
4054,244,63|4055,310,105|4056,387,144|4057,230,145|4058,63,147|4059,146,268|4060,83,308|4061,318,461|4062,64,503|4063,63,621
4064,167,177|4065,59,300|4066,348,456|4067,168,536|4068,63,615
4069,161,61|4070,304,97|4071,387,137|4072,213,137|4073,240,217|4074,63,261|4075,324,339|4076,60,380|4077,62,420|4078,125,497|4079,63,618
4080,64,101|4081,225,258|4082,385,338|4083,319,379|4084,214,419|4085,137,456|4086,222,497|4087,200,577|4088,382,616|4089,62,619
4090,108,98|4091,66,140|4092,62,180|4093,175,259|4094,257,337|4095,215,375|4096,191,536|4097,64,578|4098,64,619
4099,315,136|4100,255,257|4101,64,299|4102,270,380|4103,224,458|4104,223,538|4105,64,619
4106,314,100|4107,266,178|4108,238,218|4109,265,300|4110,63,340|4111,386,462|4112,212,502|4113,215,583|4114,67,624
4115,62,59|4116,285,134|4117,147,175|4118,215,255|4119,86,294|4120,117,335|4121,267,417|4122,329,456|4123,108,496|4124,215,537|4125,62,617
4126,382,136|4127,384,217|4128,64,217|4129,382,417|4130,261,458|4131,66,538|4132,62,620
4133,63,102|4134,340,222|4135,92,224|4136,298,302|4137,215,339|4138,270,460|4139,174,498|4140,59,618
4141,311,141|4142,84,180|4143,63,263|4144,204,339|4145,287,418|4146,62,459|4147,61,497|4148,188,576|4149,60,617
4150,254,98|4151,342,175|4152,62,177|4153,169,257|4154,162,376|4155,246,458|4156,264,498|4157,215,538|4158,63,619
4159,63,101|4160,236,173|4161,102,336|4162,233,455|4163,182,495|4164,66,537|4165,168,577|4166,63,616
4167,336,175|4168,130,256|4169,111,294|4170,139,416|4171,63,458|4172,300,535|4173,65,616
4174,351,97|4175,104,138|4176,383,256|4177,199,300|4178,96,338|4179,202,418|4180,383,536|4181,240,576|4182,69,620
4183,382,136|4184,254,178|4185,174,220|4186,103,259|4187,204,298|4188,289,377|4189,323,496|4190,63,539|4191,63,622
4192,304,98|4193,310,176|4194,133,259|4195,382,336|4196,382,377|4197,295,499|4198,102,541|4199,64,621
4200,235,179|4201,170,221|4202,160,260|4203,384,334|4204,65,338|4205,168,377|4206,283,415|4207,61,460|4208,326,537|4209,266,581|4210,62,622
4211,257,174|4212,162,216|4213,259,299|4214,297,339|4215,386,459|4216,97,500|4217,324,580|4218,62,621
4219,343,147|4220,162,149|4221,179,189|4222,211,227|4223,263,305|4224,316,385|4225,319,427|4226,288,465|4227,60,507|4228,239,578|4229,62,622
4230,338,140|4231,320,181|4232,229,258|4233,382,376|4234,320,456|4235,382,537|4236,154,540|4237,197,577|4238,69,619
4239,64,105|4240,385,220|4241,293,260|4242,168,300|4243,297,418|4244,236,460|4245,125,499|4246,385,578|4247,61,619
4248,230,137|4249,231,216|4250,65,220|4251,262,296|4252,306,377|4253,259,416|4254,142,457|4255,265,576|4256,63,617
4257,354,138|4258,256,218|4259,267,258|4260,209,298|4261,66,340|4262,216,500|4263,154,579|4264,63,618
4265,108,139|4266,64,178|4267,335,259|4268,194,379|4269,385,458|4270,133,498|4271,117,579|4272,61,618
4273,344,147|4274,275,146|4275,274,186|4276,310,225|4277,159,301|4278,382,381|4279,332,462|4280,62,499|4281,274,581|4282,60,618
4283,249,140|4284,66,179|4285,88,338|4286,66,459|4287,66,619
4288,386,140|4289,261,176|4290,63,259|4291,381,339|4292,334,419|4293,162,501|4294,62,615
4295,197,142|4296,178,221|4297,64,260|4298,201,338|4299,314,420|4300,175,460|4301,286,537|4302,181,578|4303,67,619
4304,175,60|4305,383,138|4306,141,140|4307,184,179|4308,336,258|4309,274,298|4310,156,340|4311,284,378|4312,143,419|4313,178,461|4314,313,540|4315,384,577|4316,67,619
4317,277,180|4318,126,224|4319,141,303|4320,133,423|4321,220,500|4322,128,540|4323,63,621
4324,181,143|4325,64,184|4326,348,305|4327,206,308|4328,248,344|4329,292,381|4330,207,419|4331,329,460|4332,385,500|4333,385,538|4334,240,577|4335,63,618
4336,268,101|4337,179,138|4338,126,215|4339,323,255|4340,298,294|4341,329,337|4342,183,375|4343,182,414|4344,258,496|4345,118,537|4346,120,577|4347,61,619
4348,67,99|4349,235,179|4350,253,218|4351,249,258|4352,382,297|4353,84,298|4354,61,339|4355,102,377|4356,89,420|4357,104,539|4358,65,619
4359,143,65|4360,324,138|4361,307,180|4362,293,219|4363,209,259|4364,154,299|4365,65,344|4366,157,378|4367,209,418|4368,206,459|4369,285,500|4370,139,539|4371,309,615|4372,66,620
4373,232,100|4374,160,142|4375,220,183|4376,261,261|4377,298,301|4378,169,339|4379,169,380|4380,139,420|4381,209,461|4382,175,501|4383,66,541|4384,381,620|4385,61,622
4386,329,103|4387,385,143|4388,386,222|4389,386,260|4390,257,301|4391,171,339|4392,158,379|4393,178,420|4394,255,461|4395,313,500|4396,305,581|4397,310,621|4398,65,622
4399,172,60|4400,313,101|4401,62,101|4402,95,141|4403,138,177|4404,315,219|4405,246,260|4406,327,299|4407,307,340|4408,294,378|4409,248,420|4410,379,501|4411,220,542|4412,241,582|4413,321,621|4414,61,622
4415,351,147|4416,190,148|4417,240,186|4418,61,189|4419,205,229|4420,283,265|4421,264,305|4422,220,345|4423,385,381|4424,118,385|4425,227,425|4426,320,463|4427,64,466|4428,203,503|4429,306,544|4430,382,580|4431,330,620|4432,65,622
4433,131,59|4434,246,98|4435,91,99|4436,223,139|4437,337,179|4438,106,181|4439,249,218|4440,101,219|4441,276,258|4442,63,259|4443,92,299|4444,164,337|4445,246,375|4446,329,416|4447,384,455|4448,240,458|4449,303,496|4450,94,498|4451,385,577|4452,63,578|4453,64,620
4454,162,59|4455,174,98|4456,233,135|4457,62,136|4458,291,176|4459,99,177|4460,318,216|4461,84,218|4462,137,255|4463,231,294|4464,385,330|4465,192,331|4466,384,370|4467,64,373|4468,183,412|4469,257,452|4470,103,491|4471,183,530|4472,249,568|4473,65,571
4474,343,98|4475,132,98|4476,246,139|4477,313,176|4478,345,256|4479,270,297|4480,138,298|4481,385,378|4482,347,416|4483,101,458|4484,69,500|4485,248,579|4486,67,621
4487,246,96|4488,139,133|4489,242,217|4490,386,339|4491,242,378|4492,385,459|4493,386,498|4494,291,579|4495,64,620
4496,337,139|4497,125,180|4498,301,259|4499,117,299|4500,386,376|4501,340,418|4502,293,459|4503,94,497|4504,343,579|4505,62,618
4506,61,65|4507,303,144|4508,65,183|4509,88,225|4510,65,263|4511,336,385|4512,108,387|4513,214,467|4514,301,580|4515,62,621
4516,87,62|4517,321,140|4518,222,220|4519,302,299|4520,189,379|4521,210,462|4522,178,541|4523,62,581|4524,62,623
4525,146,220|4526,144,298|4527,229,418|4528,340,497|4529,330,539|4530,63,619
4531,279,138|4532,189,178|4533,64,219|4534,121,299|4535,287,379|4536,104,501|4537,385,580|4538,67,620
4539,385,132|4540,385,205|4541,200,247|4542,304,326|4543,261,406|4544,299,487|4545,69,568
4546,114,100|4547,179,177|4548,283,258|4549,117,377|4550,316,418|4551,135,419|4552,133,460|4553,235,499|4554,288,540|4555,62,579|4556,62,620
4557,290,138|4558,161,177|4559,119,219|4560,197,377|4561,103,457|4562,162,497|4563,331,573|4564,69,614
4565,385,182|4566,290,220|4567,202,259|4568,210,301|4569,250,340|4570,351,423|4571,386,499|4572,314,538|4573,126,576|4574,66,618
4575,195,101|4576,119,140|4577,63,219|4578,324,296|4579,221,338|4580,96,377|4581,246,459|4582,222,498|4583,67,622
4584,258,146|4585,60,186|4586,246,226|4587,211,305|4588,139,382|4589,124,505|4590,153,544|4591,217,583|4592,63,622
4593,224,141|4594,349,302|4595,263,381|4596,236,420|4597,338,501|4598,64,621
4599,94,141|4600,212,261|4601,120,342|4602,139,379|4603,321,501|4604,196,542|4605,111,581|4606,63,621
4607,90,100|4608,213,295|4609,66,419|4610,303,576|4611,68,621
4612,64,260|4613,287,421|4614,117,503|4615,128,581|4616,63,620
4617,340,101|4618,66,141|4619,60,257|4620,155,300|4621,384,459|4622,294,499|4623,63,619
4624,353,181|4625,329,260|4626,64,343|4627,285,460|4628,384,539|4629,102,580|4630,67,619
4631,256,149|4632,200,187|4633,324,223|4634,339,265|4635,384,303|4636,287,341|4637,218,381|4638,350,422|4639,294,462|4640,65,461|4641,101,503|4642,178,540|4643,360,581|4644,385,620|4645,63,620
4646,305,98|4647,386,137|4648,157,139|4649,184,179|4650,317,220|4651,96,219|4652,384,298|4653,193,299|4654,355,339|4655,198,338|4656,212,380|4657,243,418|4658,303,458|4659,62,458|4660,115,500|4661,255,541|4662,384,577|4663,121,581|4664,263,620|4665,62,620
4666,249,98|4667,166,137|4668,321,215|4669,174,257|4670,290,297|4671,383,338|4672,84,336|4673,190,377|4674,170,416|4675,63,456|4676,282,577|4677,171,580|4678,62,578|4679,294,621|4680,166,619|4681,62,622
4682,279,62|4683,142,64|4684,360,101|4685,253,103|4686,68,103|4687,262,143|4688,106,142|4689,182,180|4690,343,221|4691,386,260|4692,196,261|4693,385,301|4694,163,300|4695,333,340|4696,158,340|4697,314,380|4698,338,420|4699,65,418|4700,119,460|4701,244,498|4702,385,538|4703,384,577|4704,384,616|4705,68,619
4706,195,60|4707,341,98|4708,154,98|4709,329,138|4710,113,137|4711,235,178|4712,298,218|4713,354,258|4714,150,257|4715,235,299|4716,343,339|4717,63,342|4718,175,380|4719,190,419|4720,269,460|4721,333,502|4722,109,500|4723,236,542|4724,293,579|4725,63,582|4726,64,621
4727,386,103|4728,185,102|4729,348,142|4730,109,141|4731,180,181|4732,263,223|4733,385,261|4734,385,301|4735,63,300|4736,337,424|4737,213,423|4738,111,424|4739,331,461|4740,201,463|4741,79,462|4742,276,502|4743,161,502|4744,355,543|4745,198,543|4746,382,580|4747,187,580|4748,308,620|4749,63,621
4750,178,59|4751,63,101|4752,215,141|4753,201,179|4754,305,218|4755,325,261|4756,351,341|4757,107,339|4758,204,380|4759,246,419|4760,384,458|4761,135,461|4762,199,502|4763,224,540|4764,246,580|4765,336,621|4766,64,621
4767,152,58|4768,305,95|4769,383,135|4770,119,135|4771,177,175|4772,239,213|4773,241,251|4774,61,254|4775,179,292|4776,336,333|4777,61,331|4778,159,371|4779,171,410|4780,231,451|4781,294,490|4782,285,532|4783,272,569|4784,64,570
4785,290,96|4786,121,96|4787,331,137|4788,192,136|4789,62,138|4790,294,176|4791,164,177|4792,63,179|4793,245,218|4794,62,220|4795,262,256|4796,124,259|4797,324,298|4798,193,297|4799,62,299|4800,249,339|4801,110,338|4802,260,376|4803,105,379|4804,295,417|4805,136,420|4806,342,458|4807,218,538|4808,92,541|4809,289,576|4810,63,620
4811,66,59|4812,326,139|4813,346,179|4814,208,220|4815,332,299|4816,326,420|4817,185,419|4818,385,459|4819,196,459|4820,342,501|4821,191,500|4822,382,540|4823,175,541|4824,356,580|4825,184,580|4826,384,621|4827,212,619|4828,62,619
4829,219,58|4830,108,58|4831,275,99|4832,144,101|4833,335,140|4834,171,139|4835,62,141|4836,132,178|4837,349,218|4838,229,219|4839,63,219|4840,233,258|4841,134,259|4842,295,298|4843,127,299|4844,322,340|4845,211,337|4846,64,338|4847,198,460|4848,250,500|4849,236,539|4850,278,580|4851,387,618|4852,63,618
4853,65,62|4854,107,101|4855,110,140|4856,244,179|4857,380,219|4858,65,221|4859,220,260|4860,357,300|4861,143,299|4862,310,340|4863,385,377|4864,149,380|4865,206,422|4866,320,461|4867,159,461|4868,268,499|4869,132,500|4870,155,541|4871,235,580|4872,345,620|4873,62,620
4874,142,63|4875,314,101|4876,155,103|4877,169,139|4878,270,180|4879,116,180|4880,160,221|4881,252,259|4882,346,299|4883,315,339|4884,62,338|4885,272,379|4886,387,418|4887,211,419|4888,286,458|4889,336,500|4890,149,500|4891,304,540|4892,384,582|4893,184,579|4894,218,619|4895,63,621
4896,160,64|4897,180,105|4898,319,144|4899,127,143|4900,295,183|4901,63,185|4902,312,307|4903,197,308|4904,60,309|4905,301,344|4906,114,345|4907,271,383|4908,381,421|4909,224,421|4910,255,461|4911,60,463|4912,171,498|4913,310,539|4914,108,540|4915,162,579|4916,266,620|4917,63,618
4918,233,61|4919,64,63|4920,271,103|4921,124,103|4922,300,141|4923,95,141|4924,271,180|4925,383,219|4926,212,221|4927,101,220|4928,213,259|4929,384,299|4930,95,301|4931,268,339|4932,96,341|4933,264,380|4934,316,459|4935,143,462|4936,185,501|4937,332,539|4938,383,580|4939,205,580|4940,295,620|4941,67,620
4942,92,60|4943,270,99|4944,386,140|4945,203,141|4946,386,179|4947,205,178|4948,385,218|4949,293,220|4950,123,219|4951,348,259|4952,171,259|4953,344,298|4954,173,300|4955,163,340|4956,333,380|4957,336,420|4958,154,420|4959,320,461|4960,136,461|4961,242,500|4962,386,540|4963,236,540|4964,386,580|4965,292,581|4966,103,581|4967,286,621|4968,66,619
4969,246,61|4970,61,61|4971,273,99|4972,96,101|4973,259,140|4974,66,139|4975,205,178|4976,380,219|4977,102,219|4978,274,260|4979,63,262|4980,270,382|4981,144,384|4982,385,420|4983,230,422|4984,66,422|4985,281,461|4986,132,463|4987,219,499|4988,332,537|4989,189,538|4990,62,538|4991,286,578|4992,166,579|4993,386,618|4994,259,617|4995,65,620
4996,231,60|4997,384,99|4998,202,101|4999,384,139|5000,234,140|5001,145,140|5002,334,180|5003,185,179|5004,351,218|5005,213,219|5006,341,260|5007,232,259|5008,126,261|5009,385,298|5010,270,299|5011,157,300|5012,341,340|5013,239,340|5014,116,341|5015,348,381|5016,262,380|5017,123,381|5018,337,421|5019,207,423|5020,344,460|5021,218,462|5022,102,462|5023,333,501|5024,132,503|5025,281,542|5026,254,583|5027,113,581|5028,269,619|5029,63,621
5030,217,61|5031,65,63|5032,281,102|5033,124,102|5034,320,144|5035,187,143|5036,329,182|5037,211,183|5038,329,221|5039,62,223|5040,101,261|5041,179,300|5042,386,343|5043,167,342|5044,245,379|5045,149,381|5046,385,417|5047,201,419|5048,294,459|5049,386,500|5050,201,500|5051,261,540|5052,339,578|5053,150,577|5054,284,617|5055,67,616
5056,293,60|5057,154,61|5058,311,98|5059,150,98|5060,309,137|5061,95,139|5062,282,175|5063,127,176|5064,214,216|5065,384,256|5066,206,258|5067,384,296|5068,194,298|5069,339,338|5070,146,338|5071,260,375|5072,149,378|5073,382,417|5074,215,418|5075,63,418|5076,101,542|5077,64,581|5078,66,619
5079,347,176|5080,383,217|5081,323,258|5082,63,298|5083,219,379|5084,305,458|5085,119,578|5086,70,617
5087,294,143|5088,337,260|5089,242,341|5090,381,418|5091,68,501|5092,289,579|5093,66,619
5094,181,141|5095,61,303|5096,130,420|5097,119,502|5098,228,581|5099,69,624
5100,222,175|5101,218,256|5102,254,454|5103,115,538|5104,63,620
5105,161,189|5106,291,304|5107,228,385|5108,253,505|5109,303,581|5110,65,624
5111,160,182|5112,202,341|5113,137,422|5114,141,502|5115,66,622
5116,387,140|5117,216,223|5118,312,301|5119,336,340|5120,309,379|5121,130,420|5122,275,500|5123,384,579|5124,67,581|5125,66,622
5126,63,262|5127,385,420|5128,227,582|5129,61,622
5130,325,101|5131,126,145|5132,353,259|5133,66,383|5134,301,502|5135,70,621
5136,136,135|5137,384,297|5138,63,337|5139,285,418|5140,64,500|5141,357,582|5142,65,621
5143,312,95|5144,386,173|5145,262,213|5146,133,254|5147,385,369|5148,237,411|5149,386,529|5150,63,570
5151,81,261|5152,239,341|5153,91,382|5154,131,581|5155,61,621
5156,196,99|5157,387,177|5158,385,258|5159,307,339|5160,125,540|5161,65,620
5162,385,217|5163,62,261|5164,386,424|5165,66,425|5166,85,465|5167,285,542|5168,61,620
5169,189,138|5170,387,214|5171,332,256|5172,215,297|5173,220,339|5174,61,380|5175,177,458|5176,203,497|5177,65,622
5178,337,185|5179,245,263|5180,275,302|5181,259,341|5182,63,422|5183,132,503|5184,101,542|5185,64,620
5186,330,140|5187,385,220|5188,63,258|5189,67,417|5190,331,497|5191,277,538|5192,63,616
5193,165,100|5194,169,180|5195,383,295|5196,242,376|5197,192,452|5198,92,530|5199,65,572
5200,260,135|5201,171,171|5202,62,213|5203,265,293|5204,192,335|5205,282,415|5206,127,458|5207,87,498|5208,65,617
5209,162,99|5210,306,179|5211,131,216|5212,104,256|5213,222,371|5214,194,410|5215,121,488|5216,337,569|5217,60,568
5218,227,261|5219,108,382|5220,136,462|5221,176,578|5222,65,621
5223,221,179|5224,153,259|5225,323,338|5226,63,341|5227,262,420|5228,143,540|5229,65,624
5230,318,188|5231,286,228|5232,386,343|5233,287,421|5234,301,498|5235,117,577|5236,70,617
5237,63,222|5238,176,301|5239,63,423|5240,127,543|5241,62,621
5242,118,154|5243,62,196|5244,167,271|5245,166,310|5246,336,382|5247,383,420|5248,135,421|5249,65,463|5250,290,538|5251,336,578|5252,64,580|5253,63,621
5254,84,60|5255,191,100|5256,380,177|5257,346,218|5258,255,258|5259,329,297|5260,137,337|5261,384,419|5262,343,459|5263,279,501|5264,162,540|5265,245,582|5266,329,621|5267,61,620
5268,274,100|5269,112,142|5270,385,219|5271,62,223|5272,242,344|5273,63,344|5274,232,382|5275,62,382|5276,272,422|5277,140,424|5278,110,462|5279,320,500|5280,137,501|5281,304,540|5282,169,542|5283,355,579|5284,198,581|5285,385,620|5286,60,622
5287,277,64|5288,292,104|5289,210,104|5290,324,144|5291,198,145|5292,81,144|5293,208,184|5294,62,184|5295,214,223|5296,80,224|5297,269,263|5298,159,262|5299,294,302|5300,98,302|5301,244,344|5302,93,343|5303,168,382|5304,248,422|5305,385,458|5306,211,460|5307,81,460|5308,264,501|5309,134,499|5310,144,540|5311,327,581|5312,64,581|5313,64,620
5314,383,102|5315,331,141|5316,173,141|5317,300,179|5318,114,182|5319,87,222|5320,131,260|5321,274,300|5322,206,341|5323,64,341|5324,346,462|5325,270,464|5326,136,464|5327,299,502|5328,84,505|5329,156,539|5330,238,618|5331,66,621
5332,140,61|5333,242,100|5334,385,142|5335,151,142|5336,316,183|5337,63,182|5338,254,219|5339,385,259|5340,384,301|5341,166,298|5342,161,339|5343,337,380|5344,197,379|5345,62,379|5346,301,420|5347,346,459|5348,385,499|5349,261,499|5350,110,498|5351,331,540|5352,205,538|5353,115,539|5354,350,580|5355,85,577|5356,246,618|5357,61,618
5358,259,58|5359,113,60|5360,310,97|5361,173,100|5362,64,100|5363,270,136|5364,63,139|5365,222,176|5366,81,177|5367,246,215|5368,115,218|5369,325,256|5370,132,256|5371,335,295|5372,155,295|5373,334,335|5374,219,338|5375,64,338|5376,248,459|5377,100,462|5378,282,500|5379,192,541|5380,64,541|5381,293,580|5382,205,580|5383,387,618|5384,225,622|5385,68,621
5386,64,65|5387,277,102|5388,142,102|5389,298,143|5390,200,142|5391,96,141|5392,299,182|5393,200,184|5394,384,222|5395,246,222|5396,82,222|5397,329,262|5398,137,262|5399,286,301|5400,153,301|5401,328,343|5402,117,343|5403,294,382|5404,108,382|5405,128,421|5406,246,461|5407,383,499|5408,221,501|5409,382,539|5410,219,541|5411,386,580|5412,208,581|5413,265,619|5414,63,620
5415,161,62|5416,290,103|5417,342,143|5418,383,181|5419,62,182|5420,315,344|5421,132,346|5422,259,383|5423,386,460|5424,179,462|5425,352,501|5426,385,579|5427,215,581|5428,320,620|5429,63,620
5430,225,62|5431,218,101|5432,62,101|5433,280,142|5434,347,182|5435,61,181|5436,220,221|5437,344,263|5438,141,259|5439,312,300|5440,253,340|5441,97,341|5442,346,422|5443,63,419|5444,314,499|5445,350,539|5446,328,579|5447,62,620
5448,359,191|5449,64,189|5450,133,230|5451,216,269|5452,283,308|5453,255,348|5454,332,388|5455,298,428|5456,194,470|5457,170,508|5458,203,547|5459,202,585|5460,65,623
5461,312,100|5462,61,102|5463,102,138|5464,93,179|5465,179,220|5466,213,257|5467,331,298|5468,103,299|5469,104,337|5470,279,419|5471,201,459|5472,182,501|5473,249,539|5474,173,580|5475,64,621
5476,313,149|5477,203,149|5478,384,185|5479,191,186|5480,353,227|5481,117,228|5482,282,268|5483,62,269|5484,112,308|5485,171,346|5486,236,384|5487,68,386|5488,226,426|5489,244,464|5490,201,504|5491,264,542|5492,306,580|5493,63,582|5494,64,621
5495,56,298|5496,313,422|5497,243,423|5498,154,424|5499,60,422|5500,308,464|5501,180,463|5502,60,465|5503,290,502|5504,142,503|5505,333,545|5506,158,544|5507,339,581|5508,244,581|5509,107,582|5510,343,621|5511,181,621|5512,62,621
5513,311,64|5514,211,62|5515,101,63|5516,384,101|5517,286,102|5518,173,102|5519,356,140|5520,213,141|5521,115,144|5522,344,182|5523,243,183|5524,156,183|5525,385,220|5526,93,380|5527,346,417|5528,254,416|5529,138,421|5530,350,456|5531,273,456|5532,82,459|5533,274,497|5534,160,499|5535,385,537|5536,283,537|5537,146,538|5538,333,578|5539,177,579|5540,328,617|5541,183,618|5542,64,620
5543,219,61|5544,385,98|5545,230,101|5546,111,103|5547,168,143|5548,335,181|5549,200,180|5550,61,185|5551,59,222|5552,257,345|5553,104,346|5554,252,382|5555,76,383|5556,252,422|5557,124,424|5558,387,461|5559,284,461|5560,156,462|5561,340,500|5562,259,500|5563,123,501|5564,278,541|5565,103,544|5566,336,580|5567,142,582|5568,337,617|5569,188,621|5570,60,621
5571,284,59|5572,180,60|5573,61,60|5574,318,101|5575,193,101|5576,59,100|5577,286,138|5578,201,139|5579,100,138|5580,306,179|5581,150,178|5582,385,218|5583,264,217|5584,106,217|5585,357,258|5586,243,259|5587,62,258|5588,257,299|5589,109,300|5590,63,340|5591,62,339|5592,65,462|5593,349,541|5594,62,543|5595,84,581|5596,67,621
5597,168,61|5598,265,101|5599,314,140|5600,385,179|5601,170,179|5602,236,220|5603,384,258|5604,64,261|5605,161,300|5606,230,341|5607,59,340|5608,185,380|5609,385,418|5610,384,460|5611,171,462|5612,344,540|5613,77,541|5614,208,578|5615,270,617|5616,60,620
5617,105,62|5618,94,101|5619,386,180|5620,65,183|5621,64,221|5622,64,258|5623,298,384|5624,174,384|5625,67,385|5626,308,423|5627,196,421|5628,96,420|5629,306,463|5630,169,463|5631,386,500|5632,262,503|5633,144,501|5634,386,543|5635,285,541|5636,116,541|5637,322,581|5638,178,581|5639,384,620|5640,212,622|5641,64,621
5642,255,61|5643,106,61|5644,345,103|5645,202,101|5646,61,101|5647,266,140|5648,167,141|5649,216,180|5650,64,180|5651,210,218|5652,350,259|5653,169,258|5654,338,299|5655,209,298|5656,63,298|5657,276,338|5658,115,340|5659,326,379|5660,109,378|5661,286,419|5662,146,419|5663,309,462|5664,172,461|5665,288,499|5666,116,500|5667,321,542|5668,120,540|5669,303,582|5670,90,580|5671,281,619|5672,63,620
5673,307,148|5674,194,147|5675,62,147|5676,318,184|5677,215,185|5678,64,183|5679,309,223|5680,181,224|5681,384,263|5682,253,264|5683,115,262|5684,271,301|5685,118,303|5686,247,343|5687,116,342|5688,353,381|5689,170,382|5690,306,422|5691,119,423|5692,268,462|5693,114,462|5694,354,501|5695,228,499|5696,385,541|5697,254,541|5698,146,540|5699,275,581|5700,121,581|5701,270,620|5702,65,621
5703,291,61|5704,185,58|5705,94,60|5706,352,102|5707,165,100|5708,346,142|5709,326,179|5710,192,219|5711,242,257|5712,61,296|5713,289,427|5714,168,426|5715,384,462|5716,268,462|5717,160,461|5718,384,502|5719,273,502|5720,123,501|5721,337,544|5722,117,540|5723,307,584|5724,139,583|5725,346,619|5726,219,620|5727,60,618
5728,218,57|5729,62,61|5730,259,96|5731,99,98|5732,304,135|5733,199,136|5734,108,137|5735,351,174|5736,219,174|5737,388,213|5738,220,216|5739,383,250|5740,250,252|5741,65,253|5742,241,290|5743,62,293|5744,299,331|5745,161,333|5746,337,368|5747,163,372|5748,336,410|5749,246,410|5750,123,410|5751,321,450|5752,386,487|5753,248,490|5754,385,530|5755,263,530|5756,149,529|5757,321,569|5758,65,571
5759,328,103|5760,218,103|5761,81,103|5762,268,142|5763,169,144|5764,67,143|5765,294,182|5766,169,183|5767,91,182|5768,333,223|5769,234,222|5770,143,222|5771,385,261|5772,278,262|5773,193,261|5774,122,261|5775,338,300|5776,225,302|5777,80,302|5778,312,340|5779,213,341|5780,103,341|5781,320,381|5782,160,380|5783,386,419|5784,248,420|5785,152,421|5786,64,421|5787,312,460|5788,216,460|5789,118,459|5790,328,500|5791,197,499|5792,61,500|5793,322,540|5794,210,540|5795,357,578|5796,231,577|5797,100,578|5798,299,619|5799,213,618|5800,62,619
5801,276,145|5802,127,145|5803,342,181|5804,192,181|5805,387,218|5806,241,218|5807,90,219|5808,292,255|5809,180,255|5810,387,295|5811,255,295|5812,118,296|5813,343,337|5814,180,336|5815,62,336|5816,306,376|5817,185,376|5818,63,375|5819,276,412|5820,95,412|5821,343,452|5822,196,452|5823,386,492|5824,220,494|5825,61,496|5826,314,533|5827,165,532|5828,337,573|5829,63,573
5830,258,99|5831,116,99|5832,342,137|5833,208,136|5834,338,177|5835,95,179|5836,243,216|5837,60,217|5838,258,257|5839,104,258|5840,347,297|5841,223,298|5842,89,300|5843,287,337|5844,162,339|5845,386,377|5846,227,377|5847,386,417|5848,66,420|5849,292,539|5850,65,541|5851,192,578|5852,336,618|5853,250,619|5854,64,621
5855,215,59|5856,91,59|5857,352,100|5858,215,98|5859,64,100|5860,219,139|5861,343,180|5862,106,179|5863,243,220|5864,98,220|5865,245,260|5866,385,299|5867,248,299|5868,152,300|5869,386,343|5870,253,340|5871,116,340|5872,253,379|5873,64,379|5874,115,420|5875,325,458|5876,131,461|5877,153,501|5878,323,541|5879,63,539|5880,166,579|5881,327,619|5882,66,620
5883,268,66|5884,64,66|5885,283,187|5886,157,188|5887,382,225|5888,243,227|5889,102,225|5890,146,263|5891,297,302|5892,108,303|5893,288,342|5894,101,343|5895,320,381|5896,217,382|5897,63,380|5898,286,421|5899,134,420|5900,331,461|5901,198,461|5902,63,463|5903,255,500|5904,118,501|5905,219,540|5906,383,581|5907,212,581|5908,63,582|5909,62,623
5910,273,145|5911,155,145|5912,386,182|5913,238,181|5914,115,182|5915,354,223|5916,124,223|5917,154,260|5918,128,300|5919,298,375|5920,129,414|5921,320,454|5922,192,456|5923,65,456|5924,288,494|5925,197,496|5926,386,532|5927,284,533|5928,109,533|5929,306,572|5930,179,572|5931,65,572
5932,308,100|5933,185,99|5934,87,100|5935,284,140|5936,137,140|5937,361,179|5938,177,180|5939,62,182|5940,306,218|5941,171,220|5942,61,221|5943,275,258|5944,172,261|5945,82,260|5946,318,298|5947,236,298|5948,64,299|5949,255,422|5950,149,421|5951,385,461|5952,251,461|5953,122,460|5954,336,500|5955,109,501|5956,339,541|5957,183,539|5958,61,541|5959,285,579|5960,126,580|5961,319,619|5962,207,619|5963,63,619
5964,230,63|5965,84,65|5966,222,105|5967,62,107|5968,224,232|5969,64,233|5970,312,272|5971,198,270|5972,63,272|5973,224,309|5974,63,311|5975,278,348|5976,165,348|5977,62,348|5978,280,388|5979,174,389|5980,60,386|5981,290,431|5982,174,429|5983,63,427|5984,153,464|5985,345,502|5986,169,503|5987,326,540|5988,145,539|5989,322,582|5990,186,580|5991,332,621|5992,215,621|5993,61,623
5994,342,149|5995,249,148|5996,140,147|5997,385,187|5998,207,184|5999,385,225|6000,262,222|6001,64,221|6002,192,259|6003,62,259|6004,259,300|6005,107,299|6006,229,341|6007,88,339|6008,382,420|6009,62,419|6010,233,460|6011,317,501|6012,63,497|6013,223,539|6014,359,581|6015,144,580|6016,62,618
6017,240,60|6018,61,59|6019,270,100|6020,103,99|6021,265,140|6022,149,141|6023,59,142|6024,260,262|6025,131,262|6026,385,302|6027,204,302|6028,359,344|6029,193,342|6030,383,378|6031,255,380|6032,116,378|6033,331,421|6034,209,421|6035,62,419|6036,335,457|6037,152,457|6038,385,495|6039,243,495|6040,240,533|6041,96,533|6042,179,573|6043,60,570
6044,289,96|6045,176,100|6046,62,100|6047,286,137|6048,166,138|6049,384,177|6050,259,178|6051,90,178|6052,297,219|6053,140,219|6054,327,258|6055,190,260|6056,264,298|6057,192,339|6058,61,341|6059,291,465|6060,193,463|6061,61,464|6062,301,504|6063,179,504|6064,64,506|6065,290,540|6066,143,541|6067,386,579|6068,262,579|6069,103,582|6070,343,620|6071,199,620|6072,67,622
6073,268,63|6074,135,65|6075,338,101|6076,184,103|6077,319,142|6078,161,146|6079,61,145|6080,328,264|6081,212,265|6082,63,267|6083,220,304|6084,343,340|6085,161,341|6086,337,382|6087,179,381|6088,387,418|6089,232,420|6090,64,422|6091,258,542|6092,96,545|6093,315,582|6094,198,583|6095,81,586|6096,317,619|6097,189,622|6098,65,624
6099,298,149|6100,202,149|6101,61,148|6102,198,184|6103,384,226|6104,60,225|6105,246,268|6106,64,266|6107,251,391|6108,113,390|6109,343,429|6110,232,431|6111,98,429|6112,307,467|6113,207,470|6114,90,467|6115,329,508|6116,231,507|6117,89,504|6118,336,547|6119,208,544|6120,94,546|6121,263,585|6122,137,587|6123,384,623|6124,270,622|6125,60,622
6126,238,149|6127,63,151|6128,207,189|6129,238,227|6130,62,228|6131,278,388|6132,65,388|6133,286,429|6134,262,469|6135,334,544|6136,97,582|6137,63,623
6138,64,99|6139,231,220|6140,385,257|6141,236,257|6142,62,260|6143,255,298|6144,276,337|6145,340,378|6146,64,379|6147,277,501|6148,155,502|6149,386,539|6150,273,540|6151,147,540|6152,301,581|6153,139,580|6154,300,620|6155,61,621
6156,251,64|6157,63,64|6158,309,190|6159,206,189|6160,386,228|6161,67,226|6162,90,268|6163,237,305|6164,384,342|6165,184,344|6166,358,383|6167,200,382|6168,90,382|6169,280,507|6170,136,507|6171,329,550|6172,163,548|6173,308,585|6174,145,584|6175,294,622|6176,67,620
6177,330,149|6178,171,147|6179,63,184|6180,233,308|6181,63,306|6182,236,346|6183,62,344|6184,249,384|6185,116,382|6186,311,422|6187,174,424|6188,59,421|6189,157,545|6190,317,584|6191,120,582|6192,263,620|6193,63,621
6194,264,150|6195,383,187|6196,175,186|6197,130,223|6198,177,347|6199,286,388|6200,62,387|6201,256,424|6202,385,461|6203,218,463|6204,62,464|6205,220,586|6206,62,586|6207,131,625
6208,223,145|6209,61,145|6210,219,184|6211,62,185|6212,221,226|6213,61,226|6214,179,347|6215,184,383|6216,115,421|6217,218,541|6218,309,580|6219,126,580|6220,266,618|6221,62,618
6222,263,141|6223,134,141|6224,295,178|6225,64,180|6226,230,303|6227,101,305|6228,246,342|6229,297,379|6230,87,381|6231,240,505|6232,104,506|6233,327,546|6234,100,543|6235,119,579|6236,142,621|